# Turn	Orbit_Min_x	Orbit_Max_x	Orbit_Min_y	Orbit_Max_y
0	-0.000000	0.000000	0.000000	0.000000
1	-0.037774	0.028748	0.000000	0.000000
2	-0.037772	0.028747	0.000000	0.000000
3	-0.037770	0.028746	0.000000	0.000000
4	-0.037768	0.028746	0.000000	0.000000
5	-0.037766	0.028745	0.000000	0.000000
6	-0.037764	0.028744	0.000000	0.000000
7	-0.037762	0.028744	0.000000	0.000000
8	-0.037760	0.028743	0.000000	0.000000
9	-0.037758	0.028742	0.000000	0.000000
10	-0.037756	0.028742	0.000000	0.000000
11	-0.037750	0.028740	0.000000	0.000000
12	-0.037742	0.028737	0.000000	0.000000
13	-0.037735	0.028735	0.000000	0.000000
14	-0.037728	0.028733	0.000000	0.000000
15	-0.037720	0.028731	0.000000	0.000000
16	-0.037713	0.028728	0.000000	0.000000
17	-0.037706	0.028726	0.000000	0.000000
18	-0.037698	0.028724	0.000000	0.000000
19	-0.037691	0.028721	0.000000	0.000000
20	-0.037684	0.028719	0.000000	0.000000
21	-0.037674	0.028714	0.000000	0.000000
22	-0.037664	0.028708	0.000000	0.000000
23	-0.037654	0.028702	0.000000	0.000000
24	-0.037644	0.028696	0.000000	0.000000
25	-0.037634	0.028690	0.000000	0.000000
26	-0.037624	0.028684	0.000000	0.000000
27	-0.037613	0.028678	0.000000	0.000000
28	-0.037603	0.028672	0.000000	0.000000
29	-0.037593	0.028666	0.000000	0.000000
30	-0.037583	0.028660	0.000000	0.000000
31	-0.037569	0.028653	0.000000	0.000000
32	-0.037554	0.028645	0.000000	0.000000
33	-0.037539	0.028638	0.000000	0.000000
34	-0.037524	0.028630	0.000000	0.000000
35	-0.037508	0.028622	0.000000	0.000000
36	-0.037493	0.028615	0.000000	0.000000
37	-0.037478	0.028607	0.000000	0.000000
38	-0.037463	0.028599	0.000000	0.000000
39	-0.037448	0.028591	0.000000	0.000000
40	-0.037433	0.028584	0.000000	0.000000
41	-0.037416	0.028573	0.000000	0.000000
42	-0.037399	0.028561	0.000000	0.000000
43	-0.037382	0.028549	0.000000	0.000000
44	-0.037365	0.028537	0.000000	0.000000
45	-0.037348	0.028525	0.000000	0.000000
46	-0.037331	0.028512	0.000000	0.000000
47	-0.037315	0.028500	0.000000	0.000000
48	-0.037298	0.028488	0.000000	0.000000
49	-0.037281	0.028476	0.000000	0.000000
50	-0.037264	0.028464	0.000000	0.000000
51	-0.037241	0.028452	0.000000	0.000000
52	-0.037218	0.028440	0.000000	0.000000
53	-0.037194	0.028427	0.000000	0.000000
54	-0.037170	0.028415	0.000000	0.000000
55	-0.037146	0.028403	0.000000	0.000000
56	-0.037122	0.028390	0.000000	0.000000
57	-0.037099	0.028378	0.000000	0.000000
58	-0.037075	0.028366	0.000000	0.000000
59	-0.037051	0.028353	0.000000	0.000000
60	-0.037027	0.028341	0.000000	0.000000
61	-0.037003	0.028325	0.000000	0.000000
62	-0.036978	0.028307	0.000000	0.000000
63	-0.036953	0.028290	0.000000	0.000000
64	-0.036929	0.028272	0.000000	0.000000
65	-0.036904	0.028255	0.000000	0.000000
66	-0.036879	0.028237	0.000000	0.000000
67	-0.036855	0.028219	0.000000	0.000000
68	-0.036830	0.028202	0.000000	0.000000
69	-0.036805	0.028184	0.000000	0.000000
70	-0.036781	0.028167	0.000000	0.000000
71	-0.036752	0.028148	0.000000	0.000000
72	-0.036723	0.028129	0.000000	0.000000
73	-0.036694	0.028109	0.000000	0.000000
74	-0.036665	0.028090	0.000000	0.000000
75	-0.036635	0.028071	0.000000	0.000000
76	-0.036606	0.028052	0.000000	0.000000
77	-0.036577	0.028032	0.000000	0.000000
78	-0.036548	0.028013	0.000000	0.000000
79	-0.036519	0.027994	0.000000	0.000000
80	-0.036490	0.027974	0.000000	0.000000
81	-0.036457	0.027953	0.000000	0.000000
82	-0.036424	0.027931	0.000000	0.000000
83	-0.036391	0.027909	0.000000	0.000000
84	-0.036358	0.027886	0.000000	0.000000
85	-0.036325	0.027864	0.000000	0.000000
86	-0.036292	0.027842	0.000000	0.000000
87	-0.036259	0.027820	0.000000	0.000000
88	-0.036226	0.027798	0.000000	0.000000
89	-0.036193	0.027776	0.000000	0.000000
90	-0.036160	0.027754	0.000000	0.000000
91	-0.036125	0.027729	0.000000	0.000000
92	-0.036089	0.027704	0.000000	0.000000
93	-0.036053	0.027678	0.000000	0.000000
94	-0.036018	0.027653	0.000000	0.000000
95	-0.035982	0.027628	0.000000	0.000000
96	-0.035946	0.027602	0.000000	0.000000
97	-0.035911	0.027577	0.000000	0.000000
98	-0.035875	0.027552	0.000000	0.000000
99	-0.035839	0.027526	0.000000	0.000000
100	-0.035804	0.027501	0.000000	0.000000
101	-0.035766	0.027472	0.000000	0.000000
102	-0.035727	0.027443	0.000000	0.000000
103	-0.035689	0.027414	0.000000	0.000000
104	-0.035650	0.027385	0.000000	0.000000
105	-0.035612	0.027356	0.000000	0.000000
106	-0.035574	0.027327	0.000000	0.000000
107	-0.035535	0.027298	0.000000	0.000000
108	-0.035497	0.027269	0.000000	0.000000
109	-0.035458	0.027240	0.000000	0.000000
110	-0.035420	0.027211	0.000000	0.000000
111	-0.035377	0.027181	0.000000	0.000000
112	-0.035333	0.027151	0.000000	0.000000
113	-0.035289	0.027121	0.000000	0.000000
114	-0.035245	0.027091	0.000000	0.000000
115	-0.035201	0.027061	0.000000	0.000000
116	-0.035157	0.027031	0.000000	0.000000
117	-0.035113	0.027001	0.000000	0.000000
118	-0.035069	0.026971	0.000000	0.000000
119	-0.035025	0.026941	0.000000	0.000000
120	-0.034981	0.026911	0.000000	0.000000
121	-0.034935	0.026878	0.000000	0.000000
122	-0.034888	0.026845	0.000000	0.000000
123	-0.034842	0.026812	0.000000	0.000000
124	-0.034795	0.026778	0.000000	0.000000
125	-0.034749	0.026745	0.000000	0.000000
126	-0.034702	0.026712	0.000000	0.000000
127	-0.034655	0.026678	0.000000	0.000000
128	-0.034609	0.026645	0.000000	0.000000
129	-0.034562	0.026612	0.000000	0.000000
130	-0.034516	0.026578	0.000000	0.000000
131	-0.034466	0.026543	0.000000	0.000000
132	-0.034415	0.026508	0.000000	0.000000
133	-0.034364	0.026472	0.000000	0.000000
134	-0.034314	0.026437	0.000000	0.000000
135	-0.034263	0.026401	0.000000	0.000000
136	-0.034212	0.026365	0.000000	0.000000
137	-0.034162	0.026330	0.000000	0.000000
138	-0.034111	0.026294	0.000000	0.000000
139	-0.034061	0.026259	0.000000	0.000000
140	-0.034010	0.026223	0.000000	0.000000
141	-0.033957	0.026185	0.000000	0.000000
142	-0.033904	0.026147	0.000000	0.000000
143	-0.033850	0.026109	0.000000	0.000000
144	-0.033797	0.026070	0.000000	0.000000
145	-0.033743	0.026032	0.000000	0.000000
146	-0.033690	0.025994	0.000000	0.000000
147	-0.033637	0.025955	0.000000	0.000000
148	-0.033583	0.025917	0.000000	0.000000
149	-0.033530	0.025878	0.000000	0.000000
150	-0.033476	0.025840	0.000000	0.000000
151	-0.033422	0.025798	0.000000	0.000000
152	-0.033367	0.025755	0.000000	0.000000
153	-0.033312	0.025713	0.000000	0.000000
154	-0.033257	0.025670	0.000000	0.000000
155	-0.033202	0.025628	0.000000	0.000000
156	-0.033147	0.025585	0.000000	0.000000
157	-0.033092	0.025542	0.000000	0.000000
158	-0.033037	0.025500	0.000000	0.000000
159	-0.032982	0.025457	0.000000	0.000000
160	-0.032927	0.025415	0.000000	0.000000
161	-0.032868	0.025371	0.000000	0.000000
162	-0.032808	0.025327	0.000000	0.000000
163	-0.032747	0.025284	0.000000	0.000000
164	-0.032687	0.025240	0.000000	0.000000
165	-0.032627	0.025196	0.000000	0.000000
166	-0.032567	0.025153	0.000000	0.000000
167	-0.032507	0.025109	0.000000	0.000000
168	-0.032447	0.025065	0.000000	0.000000
169	-0.032386	0.025022	0.000000	0.000000
170	-0.032326	0.024978	0.000000	0.000000
171	-0.032265	0.024931	0.000000	0.000000
172	-0.032203	0.024884	0.000000	0.000000
173	-0.032141	0.024837	0.000000	0.000000
174	-0.032079	0.024790	0.000000	0.000000
175	-0.032017	0.024743	0.000000	0.000000
176	-0.031955	0.024696	0.000000	0.000000
177	-0.031893	0.024649	0.000000	0.000000
178	-0.031831	0.024601	0.000000	0.000000
179	-0.031769	0.024554	0.000000	0.000000
180	-0.031707	0.024507	0.000000	0.000000
181	-0.031641	0.024459	0.000000	0.000000
182	-0.031573	0.024411	0.000000	0.000000
183	-0.031506	0.024364	0.000000	0.000000
184	-0.031439	0.024316	0.000000	0.000000
185	-0.031372	0.024268	0.000000	0.000000
186	-0.031304	0.024220	0.000000	0.000000
187	-0.031237	0.024172	0.000000	0.000000
188	-0.031170	0.024124	0.000000	0.000000
189	-0.031103	0.024076	0.000000	0.000000
190	-0.031035	0.024028	0.000000	0.000000
191	-0.030967	0.023977	0.000000	0.000000
192	-0.030898	0.023926	0.000000	0.000000
193	-0.030829	0.023875	0.000000	0.000000
194	-0.030760	0.023823	0.000000	0.000000
195	-0.030691	0.023772	0.000000	0.000000
196	-0.030623	0.023721	0.000000	0.000000
197	-0.030554	0.023670	0.000000	0.000000
198	-0.030485	0.023618	0.000000	0.000000
199	-0.030416	0.023567	0.000000	0.000000
200	-0.030348	0.023516	0.000000	0.000000
201	-0.030276	0.023462	0.000000	0.000000
202	-0.030205	0.023407	0.000000	0.000000
203	-0.030133	0.023353	0.000000	0.000000
204	-0.030062	0.023299	0.000000	0.000000
205	-0.029990	0.023245	0.000000	0.000000
206	-0.029919	0.023190	0.000000	0.000000
207	-0.029847	0.023136	0.000000	0.000000
208	-0.029776	0.023082	0.000000	0.000000
209	-0.029704	0.023027	0.000000	0.000000
210	-0.029633	0.022973	0.000000	0.000000
211	-0.029558	0.022917	0.000000	0.000000
212	-0.029484	0.022861	0.000000	0.000000
213	-0.029409	0.022805	0.000000	0.000000
214	-0.029334	0.022749	0.000000	0.000000
215	-0.029260	0.022693	0.000000	0.000000
216	-0.029185	0.022637	0.000000	0.000000
217	-0.029110	0.022581	0.000000	0.000000
218	-0.029036	0.022525	0.000000	0.000000
219	-0.028961	0.022469	0.000000	0.000000
220	-0.028886	0.022413	0.000000	0.000000
221	-0.028811	0.022353	0.000000	0.000000
222	-0.028735	0.022294	0.000000	0.000000
223	-0.028659	0.022234	0.000000	0.000000
224	-0.028583	0.022174	0.000000	0.000000
225	-0.028507	0.022114	0.000000	0.000000
226	-0.028431	0.022055	0.000000	0.000000
227	-0.028355	0.021995	0.000000	0.000000
228	-0.028279	0.021935	0.000000	0.000000
229	-0.028204	0.021875	0.000000	0.000000
230	-0.028128	0.021816	0.000000	0.000000
231	-0.028048	0.021755	0.000000	0.000000
232	-0.027967	0.021694	0.000000	0.000000
233	-0.027887	0.021634	0.000000	0.000000
234	-0.027807	0.021573	0.000000	0.000000
235	-0.027726	0.021512	0.000000	0.000000
236	-0.027646	0.021452	0.000000	0.000000
237	-0.027566	0.021391	0.000000	0.000000
238	-0.027485	0.021330	0.000000	0.000000
239	-0.027405	0.021270	0.000000	0.000000
240	-0.027325	0.021209	0.000000	0.000000
241	-0.027242	0.021147	0.000000	0.000000
242	-0.027159	0.021084	0.000000	0.000000
243	-0.027075	0.021022	0.000000	0.000000
244	-0.026992	0.020959	0.000000	0.000000
245	-0.026909	0.020897	0.000000	0.000000
246	-0.026826	0.020834	0.000000	0.000000
247	-0.026742	0.020772	0.000000	0.000000
248	-0.026659	0.020709	0.000000	0.000000
249	-0.026576	0.020647	0.000000	0.000000
250	-0.026493	0.020584	0.000000	0.000000
251	-0.026407	0.020520	0.000000	0.000000
252	-0.026320	0.020456	0.000000	0.000000
253	-0.026234	0.020392	0.000000	0.000000
254	-0.026147	0.020327	0.000000	0.000000
255	-0.026061	0.020263	0.000000	0.000000
256	-0.025975	0.020199	0.000000	0.000000
257	-0.025888	0.020135	0.000000	0.000000
258	-0.025802	0.020070	0.000000	0.000000
259	-0.025716	0.020006	0.000000	0.000000
260	-0.025629	0.019942	0.000000	0.000000
261	-0.025544	0.019873	0.000000	0.000000
262	-0.025458	0.019805	0.000000	0.000000
263	-0.025373	0.019736	0.000000	0.000000
264	-0.025287	0.019667	0.000000	0.000000
265	-0.025202	0.019598	0.000000	0.000000
266	-0.025116	0.019529	0.000000	0.000000
267	-0.025031	0.019460	0.000000	0.000000
268	-0.024945	0.019392	0.000000	0.000000
269	-0.024860	0.019323	0.000000	0.000000
270	-0.024775	0.019254	0.000000	0.000000
271	-0.024683	0.019186	0.000000	0.000000
272	-0.024590	0.019119	0.000000	0.000000
273	-0.024498	0.019052	0.000000	0.000000
274	-0.024406	0.018984	0.000000	0.000000
275	-0.024313	0.018917	0.000000	0.000000
276	-0.024221	0.018850	0.000000	0.000000
277	-0.024129	0.018782	0.000000	0.000000
278	-0.024037	0.018715	0.000000	0.000000
279	-0.023944	0.018648	0.000000	0.000000
280	-0.023852	0.018580	0.000000	0.000000
281	-0.023759	0.018510	0.000000	0.000000
282	-0.023666	0.018439	0.000000	0.000000
283	-0.023573	0.018369	0.000000	0.000000
284	-0.023480	0.018298	0.000000	0.000000
285	-0.023387	0.018227	0.000000	0.000000
286	-0.023294	0.018157	0.000000	0.000000
287	-0.023202	0.018086	0.000000	0.000000
288	-0.023109	0.018016	0.000000	0.000000
289	-0.023016	0.017945	0.000000	0.000000
290	-0.022923	0.017874	0.000000	0.000000
291	-0.022830	0.017801	0.000000	0.000000
292	-0.022736	0.017727	0.000000	0.000000
293	-0.022643	0.017653	0.000000	0.000000
294	-0.022550	0.017580	0.000000	0.000000
295	-0.022456	0.017506	0.000000	0.000000
296	-0.022363	0.017432	0.000000	0.000000
297	-0.022270	0.017358	0.000000	0.000000
298	-0.022177	0.017285	0.000000	0.000000
299	-0.022083	0.017211	0.000000	0.000000
300	-0.021990	0.017137	0.000000	0.000000
301	-0.021893	0.017063	0.000000	0.000000
302	-0.021795	0.016989	0.000000	0.000000
303	-0.021697	0.016915	0.000000	0.000000
304	-0.021599	0.016841	0.000000	0.000000
305	-0.021502	0.016767	0.000000	0.000000
306	-0.021404	0.016693	0.000000	0.000000
307	-0.021306	0.016620	0.000000	0.000000
308	-0.021208	0.016546	0.000000	0.000000
309	-0.021111	0.016472	0.000000	0.000000
310	-0.021013	0.016398	0.000000	0.000000
311	-0.020916	0.016320	0.000000	0.000000
312	-0.020819	0.016243	0.000000	0.000000
313	-0.020722	0.016165	0.000000	0.000000
314	-0.020625	0.016087	0.000000	0.000000
315	-0.020528	0.016010	0.000000	0.000000
316	-0.020432	0.015932	0.000000	0.000000
317	-0.020335	0.015855	0.000000	0.000000
318	-0.020238	0.015777	0.000000	0.000000
319	-0.020141	0.015700	0.000000	0.000000
320	-0.020044	0.015622	0.000000	0.000000
321	-0.019943	0.015545	0.000000	0.000000
322	-0.019842	0.015467	0.000000	0.000000
323	-0.019740	0.015390	0.000000	0.000000
324	-0.019639	0.015312	0.000000	0.000000
325	-0.019538	0.015235	0.000000	0.000000
326	-0.019437	0.015158	0.000000	0.000000
327	-0.019335	0.015080	0.000000	0.000000
328	-0.019234	0.015003	0.000000	0.000000
329	-0.019133	0.014925	0.000000	0.000000
330	-0.019032	0.014848	0.000000	0.000000
331	-0.018929	0.014769	0.000000	0.000000
332	-0.018827	0.014689	0.000000	0.000000
333	-0.018725	0.014610	0.000000	0.000000
334	-0.018623	0.014530	0.000000	0.000000
335	-0.018520	0.014450	0.000000	0.000000
336	-0.018418	0.014371	0.000000	0.000000
337	-0.018316	0.014291	0.000000	0.000000
338	-0.018214	0.014212	0.000000	0.000000
339	-0.018112	0.014132	0.000000	0.000000
340	-0.018009	0.014053	0.000000	0.000000
341	-0.017905	0.013972	0.000000	0.000000
342	-0.017801	0.013891	0.000000	0.000000
343	-0.017697	0.013810	0.000000	0.000000
344	-0.017593	0.013729	0.000000	0.000000
345	-0.017489	0.013648	0.000000	0.000000
346	-0.017385	0.013567	0.000000	0.000000
347	-0.017281	0.013487	0.000000	0.000000
348	-0.017177	0.013406	0.000000	0.000000
349	-0.017073	0.013325	0.000000	0.000000
350	-0.016969	0.013244	0.000000	0.000000
351	-0.016863	0.013162	0.000000	0.000000
352	-0.016757	0.013080	0.000000	0.000000
353	-0.016651	0.012998	0.000000	0.000000
354	-0.016545	0.012917	0.000000	0.000000
355	-0.016438	0.012835	0.000000	0.000000
356	-0.016332	0.012753	0.000000	0.000000
357	-0.016226	0.012671	0.000000	0.000000
358	-0.016120	0.012589	0.000000	0.000000
359	-0.016014	0.012507	0.000000	0.000000
360	-0.015908	0.012425	0.000000	0.000000
361	-0.015802	0.012340	0.000000	0.000000
362	-0.015697	0.012255	0.000000	0.000000
363	-0.015592	0.012170	0.000000	0.000000
364	-0.015487	0.012085	0.000000	0.000000
365	-0.015381	0.012000	0.000000	0.000000
366	-0.015276	0.011915	0.000000	0.000000
367	-0.015171	0.011830	0.000000	0.000000
368	-0.015066	0.011745	0.000000	0.000000
369	-0.014960	0.011660	0.000000	0.000000
370	-0.014855	0.011575	0.000000	0.000000
371	-0.014744	0.011493	0.000000	0.000000
372	-0.014632	0.011410	0.000000	0.000000
373	-0.014521	0.011328	0.000000	0.000000
374	-0.014409	0.011246	0.000000	0.000000
375	-0.014298	0.011163	0.000000	0.000000
376	-0.014186	0.011081	0.000000	0.000000
377	-0.014075	0.010998	0.000000	0.000000
378	-0.013963	0.010916	0.000000	0.000000
379	-0.013852	0.010834	0.000000	0.000000
380	-0.013740	0.010751	0.000000	0.000000
381	-0.013630	0.010665	0.000000	0.000000
382	-0.013521	0.010580	0.000000	0.000000
383	-0.013411	0.010494	0.000000	0.000000
384	-0.013301	0.010408	0.000000	0.000000
385	-0.013192	0.010322	0.000000	0.000000
386	-0.013082	0.010236	0.000000	0.000000
387	-0.012972	0.010150	0.000000	0.000000
388	-0.012863	0.010064	0.000000	0.000000
389	-0.012753	0.009978	0.000000	0.000000
390	-0.012643	0.009892	0.000000	0.000000
391	-0.012533	0.009805	0.000000	0.000000
392	-0.012422	0.009717	0.000000	0.000000
393	-0.012312	0.009630	0.000000	0.000000
394	-0.012202	0.009542	0.000000	0.000000
395	-0.012091	0.009455	0.000000	0.000000
396	-0.011981	0.009367	0.000000	0.000000
397	-0.011871	0.009280	0.000000	0.000000
398	-0.011760	0.009192	0.000000	0.000000
399	-0.011650	0.009105	0.000000	0.000000
400	-0.011540	0.009017	0.000000	0.000000
401	-0.011427	0.008930	0.000000	0.000000
402	-0.011314	0.008842	0.000000	0.000000
403	-0.011202	0.008755	0.000000	0.000000
404	-0.011089	0.008667	0.000000	0.000000
405	-0.010976	0.008580	0.000000	0.000000
406	-0.010864	0.008492	0.000000	0.000000
407	-0.010751	0.008405	0.000000	0.000000
408	-0.010639	0.008317	0.000000	0.000000
409	-0.010526	0.008230	0.000000	0.000000
410	-0.010414	0.008142	0.000000	0.000000
411	-0.010300	0.008054	0.000000	0.000000
412	-0.010186	0.007966	0.000000	0.000000
413	-0.010073	0.007878	0.000000	0.000000
414	-0.009959	0.007789	0.000000	0.000000
415	-0.009845	0.007701	0.000000	0.000000
416	-0.009732	0.007613	0.000000	0.000000
417	-0.009618	0.007525	0.000000	0.000000
418	-0.009505	0.007437	0.000000	0.000000
419	-0.009391	0.007348	0.000000	0.000000
420	-0.009277	0.007260	0.000000	0.000000
421	-0.009164	0.007170	0.000000	0.000000
422	-0.009051	0.007081	0.000000	0.000000
423	-0.008938	0.006991	0.000000	0.000000
424	-0.008824	0.006901	0.000000	0.000000
425	-0.008711	0.006812	0.000000	0.000000
426	-0.008598	0.006722	0.000000	0.000000
427	-0.008485	0.006632	0.000000	0.000000
428	-0.008371	0.006542	0.000000	0.000000
429	-0.008258	0.006453	0.000000	0.000000
430	-0.008145	0.006363	0.000000	0.000000
431	-0.008031	0.006272	0.000000	0.000000
432	-0.007916	0.006182	0.000000	0.000000
433	-0.007802	0.006091	0.000000	0.000000
434	-0.007688	0.006001	0.000000	0.000000
435	-0.007573	0.005911	0.000000	0.000000
436	-0.007459	0.005820	0.000000	0.000000
437	-0.007345	0.005730	0.000000	0.000000
438	-0.007231	0.005639	0.000000	0.000000
439	-0.007116	0.005549	0.000000	0.000000
440	-0.007002	0.005458	0.000000	0.000000
441	-0.006885	0.005369	0.000000	0.000000
442	-0.006769	0.005279	0.000000	0.000000
443	-0.006652	0.005190	0.000000	0.000000
444	-0.006536	0.005101	0.000000	0.000000
445	-0.006419	0.005011	0.000000	0.000000
446	-0.006302	0.004922	0.000000	0.000000
447	-0.006186	0.004832	0.000000	0.000000
448	-0.006069	0.004743	0.000000	0.000000
449	-0.005952	0.004653	0.000000	0.000000
450	-0.005836	0.004564	0.000000	0.000000
451	-0.005719	0.004473	0.000000	0.000000
452	-0.005603	0.004383	0.000000	0.000000
453	-0.005486	0.004293	0.000000	0.000000
454	-0.005370	0.004202	0.000000	0.000000
455	-0.005253	0.004112	0.000000	0.000000
456	-0.005137	0.004021	0.000000	0.000000
457	-0.005020	0.003931	0.000000	0.000000
458	-0.004904	0.003840	0.000000	0.000000
459	-0.004787	0.003750	0.000000	0.000000
460	-0.004671	0.003660	0.000000	0.000000
461	-0.004555	0.003568	0.000000	0.000000
462	-0.004439	0.003477	0.000000	0.000000
463	-0.004323	0.003385	0.000000	0.000000
464	-0.004207	0.003294	0.000000	0.000000
465	-0.004091	0.003202	0.000000	0.000000
466	-0.003975	0.003111	0.000000	0.000000
467	-0.003858	0.003019	0.000000	0.000000
468	-0.003742	0.002927	0.000000	0.000000
469	-0.003626	0.002836	0.000000	0.000000
470	-0.003510	0.002744	0.000000	0.000000
471	-0.003393	0.002653	0.000000	0.000000
472	-0.003276	0.002561	0.000000	0.000000
473	-0.003159	0.002470	0.000000	0.000000
474	-0.003042	0.002378	0.000000	0.000000
475	-0.002925	0.002287	0.000000	0.000000
476	-0.002808	0.002195	0.000000	0.000000
477	-0.002691	0.002104	0.000000	0.000000
478	-0.002574	0.002012	0.000000	0.000000
479	-0.002457	0.001921	0.000000	0.000000
480	-0.002340	0.001829	0.000000	0.000000
481	-0.002224	0.001736	0.000000	0.000000
482	-0.002108	0.001644	0.000000	0.000000
483	-0.001992	0.001552	0.000000	0.000000
484	-0.001876	0.001459	0.000000	0.000000
485	-0.001761	0.001367	0.000000	0.000000
486	-0.001645	0.001274	0.000000	0.000000
487	-0.001529	0.001182	0.000000	0.000000
488	-0.001413	0.001089	0.000000	0.000000
489	-0.001297	0.000997	0.000000	0.000000
490	-0.001181	0.000904	0.000000	0.000000
491	-0.001062	0.000814	0.000000	0.000000
492	-0.000944	0.000723	0.000000	0.000000
493	-0.000825	0.000632	0.000000	0.000000
494	-0.000707	0.000542	0.000000	0.000000
495	-0.000588	0.000451	0.000000	0.000000
496	-0.000469	0.000360	0.000000	0.000000
497	-0.000351	0.000270	0.000000	0.000000
498	-0.000232	0.000179	0.000000	0.000000
499	-0.000114	0.000089	0.000000	0.000000
500	-0.000000	-0.000000	0.000000	0.000000
501	-0.000000	-0.000000	0.000000	0.000000
502	-0.000000	-0.000000	0.000000	0.000000
503	-0.000000	-0.000000	0.000000	0.000000
504	-0.000000	-0.000000	0.000000	0.000000
505	-0.000000	-0.000000	0.000000	0.000000
506	-0.000000	-0.000000	0.000000	0.000000
507	-0.000000	-0.000000	0.000000	0.000000
508	-0.000000	-0.000000	0.000000	0.000000
509	-0.000000	-0.000000	0.000000	0.000000
510	-0.000000	-0.000000	0.000000	0.000000
511	-0.000000	-0.000000	0.000000	0.000000
512	-0.000000	-0.000000	0.000000	0.000000
513	-0.000000	-0.000000	0.000000	0.000000
514	-0.000000	-0.000000	0.000000	0.000000
515	-0.000000	-0.000000	0.000000	0.000000
516	-0.000000	-0.000000	0.000000	0.000000
517	-0.000000	-0.000000	0.000000	0.000000
518	-0.000000	-0.000000	0.000000	0.000000
519	-0.000000	-0.000000	0.000000	0.000000
520	-0.000000	-0.000000	0.000000	0.000000
521	-0.000000	-0.000000	0.000000	0.000000
522	-0.000000	-0.000000	0.000000	0.000000
523	-0.000000	-0.000000	0.000000	0.000000
524	-0.000000	-0.000000	0.000000	0.000000
525	-0.000000	-0.000000	0.000000	0.000000
526	-0.000000	-0.000000	0.000000	0.000000
527	-0.000000	-0.000000	0.000000	0.000000
528	-0.000000	-0.000000	0.000000	0.000000
529	-0.000000	-0.000000	0.000000	0.000000
530	-0.000000	-0.000000	0.000000	0.000000
531	-0.000000	-0.000000	0.000000	0.000000
532	-0.000000	-0.000000	0.000000	0.000000
533	-0.000000	-0.000000	0.000000	0.000000
534	-0.000000	-0.000000	0.000000	0.000000
535	-0.000000	-0.000000	0.000000	0.000000
536	-0.000000	-0.000000	0.000000	0.000000
537	-0.000000	-0.000000	0.000000	0.000000
538	-0.000000	-0.000000	0.000000	0.000000
539	-0.000000	-0.000000	0.000000	0.000000
540	-0.000000	-0.000000	0.000000	0.000000
541	-0.000000	-0.000000	0.000000	0.000000
542	-0.000000	-0.000000	0.000000	0.000000
543	-0.000000	-0.000000	0.000000	0.000000
544	-0.000000	-0.000000	0.000000	0.000000
545	-0.000000	-0.000000	0.000000	0.000000
546	-0.000000	-0.000000	0.000000	0.000000
547	-0.000000	-0.000000	0.000000	0.000000
548	-0.000000	-0.000000	0.000000	0.000000
549	-0.000000	-0.000000	0.000000	0.000000
550	-0.000000	-0.000000	0.000000	0.000000
551	-0.000000	-0.000000	0.000000	0.000000
552	-0.000000	-0.000000	0.000000	0.000000
553	-0.000000	-0.000000	0.000000	0.000000
554	-0.000000	-0.000000	0.000000	0.000000
555	-0.000000	-0.000000	0.000000	0.000000
556	-0.000000	-0.000000	0.000000	0.000000
557	-0.000000	-0.000000	0.000000	0.000000
558	-0.000000	-0.000000	0.000000	0.000000
559	-0.000000	-0.000000	0.000000	0.000000
560	-0.000000	-0.000000	0.000000	0.000000
561	-0.000000	-0.000000	0.000000	0.000000
562	-0.000000	-0.000000	0.000000	0.000000
563	-0.000000	-0.000000	0.000000	0.000000
564	-0.000000	-0.000000	0.000000	0.000000
565	-0.000000	-0.000000	0.000000	0.000000
566	-0.000000	-0.000000	0.000000	0.000000
567	-0.000000	-0.000000	0.000000	0.000000
568	-0.000000	-0.000000	0.000000	0.000000
569	-0.000000	-0.000000	0.000000	0.000000
570	-0.000000	-0.000000	0.000000	0.000000
571	-0.000000	-0.000000	0.000000	0.000000
572	-0.000000	-0.000000	0.000000	0.000000
573	-0.000000	-0.000000	0.000000	0.000000
574	-0.000000	-0.000000	0.000000	0.000000
575	-0.000000	-0.000000	0.000000	0.000000
576	-0.000000	-0.000000	0.000000	0.000000
577	-0.000000	-0.000000	0.000000	0.000000
578	-0.000000	-0.000000	0.000000	0.000000
579	-0.000000	-0.000000	0.000000	0.000000
580	-0.000000	-0.000000	0.000000	0.000000
581	-0.000000	-0.000000	0.000000	0.000000
582	-0.000000	-0.000000	0.000000	0.000000
583	-0.000000	-0.000000	0.000000	0.000000
584	-0.000000	-0.000000	0.000000	0.000000
585	-0.000000	-0.000000	0.000000	0.000000
586	-0.000000	-0.000000	0.000000	0.000000
587	-0.000000	-0.000000	0.000000	0.000000
588	-0.000000	-0.000000	0.000000	0.000000
589	-0.000000	-0.000000	0.000000	0.000000
590	-0.000000	-0.000000	0.000000	0.000000
591	-0.000000	-0.000000	0.000000	0.000000
592	-0.000000	-0.000000	0.000000	0.000000
593	-0.000000	-0.000000	0.000000	0.000000
594	-0.000000	-0.000000	0.000000	0.000000
595	-0.000000	-0.000000	0.000000	0.000000
596	-0.000000	-0.000000	0.000000	0.000000
597	-0.000000	-0.000000	0.000000	0.000000
598	-0.000000	-0.000000	0.000000	0.000000
599	-0.000000	-0.000000	0.000000	0.000000