# Turn	Orbit_Min_x	Orbit_Max_x	Orbit_Min_y	Orbit_Max_y
0	-0.000000	0.000000	0.000000	0.000000
1	-inf	-102650825.670560	0.000000	0.000000
2	-inf	-102650825.670560	0.000000	0.000000
3	-inf	-102650825.670560	0.000000	0.000000
4	-inf	-102650825.670560	0.000000	0.000000
5	-inf	-102650825.670560	0.000000	0.000000
6	-inf	-102650825.670560	0.000000	0.000000
7	-inf	-102650825.670560	0.000000	0.000000
8	-inf	-102650825.670560	0.000000	0.000000
9	-inf	-102650825.670560	0.000000	0.000000
10	-inf	-102650825.670560	0.000000	0.000000
11	-inf	-102650825.670560	0.000000	0.000000
12	-inf	-102650825.670560	0.000000	0.000000
13	-inf	-102650825.670560	0.000000	0.000000
14	-inf	-102650825.670560	0.000000	0.000000
15	-inf	-102650825.670560	0.000000	0.000000
16	-inf	-102650825.670560	0.000000	0.000000
17	-inf	-102650825.670560	0.000000	0.000000
18	-inf	-102650825.670560	0.000000	0.000000
19	-inf	-102650825.670560	0.000000	0.000000
20	-inf	-102650825.670560	0.000000	0.000000
21	-inf	-102650825.670560	0.000000	0.000000
22	-inf	-102650825.670560	0.000000	0.000000
23	-inf	-102650825.670560	0.000000	0.000000
24	-inf	-102650825.670560	0.000000	0.000000
25	-inf	-102650825.670560	0.000000	0.000000
26	-inf	-102650825.670560	0.000000	0.000000
27	-inf	-102650825.670560	0.000000	0.000000
28	-inf	-102650825.670560	0.000000	0.000000
29	-inf	-102650825.670560	0.000000	0.000000
30	-inf	-102650825.670560	0.000000	0.000000
31	-inf	-102650825.670560	0.000000	0.000000
32	-inf	-102650825.670560	0.000000	0.000000
33	-inf	-102650825.670560	0.000000	0.000000
34	-inf	-102650825.670560	0.000000	0.000000
35	-inf	-102650825.670560	0.000000	0.000000
36	-inf	-102650825.670560	0.000000	0.000000
37	-inf	-102650825.670560	0.000000	0.000000
38	-inf	-102650825.670560	0.000000	0.000000
39	-inf	-102650825.670560	0.000000	0.000000
40	-inf	-102650825.670560	0.000000	0.000000
41	-inf	-102650825.670560	0.000000	0.000000
42	-inf	-102650825.670560	0.000000	0.000000
43	-inf	-102650825.670560	0.000000	0.000000
44	-inf	-102650825.670560	0.000000	0.000000
45	-inf	-102650825.670560	0.000000	0.000000
46	-inf	-102650825.670560	0.000000	0.000000
47	-inf	-102650825.670560	0.000000	0.000000
48	-inf	-102650825.670560	0.000000	0.000000
49	-inf	-102650825.670560	0.000000	0.000000
50	-inf	-102650825.670560	0.000000	0.000000
51	-inf	-102650825.670560	0.000000	0.000000
52	-inf	-102650825.670560	0.000000	0.000000
53	-inf	-102650825.670560	0.000000	0.000000
54	-inf	-102650825.670560	0.000000	0.000000
55	-inf	-102650825.670560	0.000000	0.000000
56	-inf	-102650825.670560	0.000000	0.000000
57	-inf	-102650825.670560	0.000000	0.000000
58	-inf	-102650825.670560	0.000000	0.000000
59	-inf	-102650825.670560	0.000000	0.000000
60	-inf	-102650825.670560	0.000000	0.000000
61	-inf	-102650825.670560	0.000000	0.000000
62	-inf	-102650825.670560	0.000000	0.000000
63	-inf	-102650825.670560	0.000000	0.000000
64	-inf	-102650825.670560	0.000000	0.000000
65	-inf	-102650825.670560	0.000000	0.000000
66	-inf	-102650825.670560	0.000000	0.000000
67	-inf	-102650825.670560	0.000000	0.000000
68	-inf	-102650825.670560	0.000000	0.000000
69	-inf	-102650825.670560	0.000000	0.000000
70	-inf	-102650825.670560	0.000000	0.000000
71	-inf	-102650825.670560	0.000000	0.000000
72	-inf	-102650825.670560	0.000000	0.000000
73	-inf	-102650825.670560	0.000000	0.000000
74	-inf	-102650825.670560	0.000000	0.000000
75	-inf	-102650825.670560	0.000000	0.000000
76	-inf	-102650825.670560	0.000000	0.000000
77	-inf	-102650825.670560	0.000000	0.000000
78	-inf	-102650825.670560	0.000000	0.000000
79	-inf	-102650825.670560	0.000000	0.000000
80	-inf	-102650825.670560	0.000000	0.000000
81	-inf	-102650825.670560	0.000000	0.000000
82	-inf	-102650825.670560	0.000000	0.000000
83	-inf	-102650825.670560	0.000000	0.000000
84	-inf	-102650825.670560	0.000000	0.000000
85	-inf	-102650825.670560	0.000000	0.000000
86	-inf	-102650825.670560	0.000000	0.000000
87	-inf	-102650825.670560	0.000000	0.000000
88	-inf	-102650825.670560	0.000000	0.000000
89	-inf	-102650825.670560	0.000000	0.000000
90	-inf	-102650825.670560	0.000000	0.000000
91	-inf	-102650825.670560	0.000000	0.000000
92	-inf	-102650825.670560	0.000000	0.000000
93	-inf	-102650825.670560	0.000000	0.000000
94	-inf	-102650825.670560	0.000000	0.000000
95	-inf	-102650825.670560	0.000000	0.000000
96	-inf	-102650825.670560	0.000000	0.000000
97	-inf	-102650825.670560	0.000000	0.000000
98	-inf	-102650825.670560	0.000000	0.000000
99	-inf	-102650825.670560	0.000000	0.000000
100	-inf	-102650825.670560	0.000000	0.000000
101	-inf	-102650825.670560	0.000000	0.000000
102	-inf	-102650825.670560	0.000000	0.000000
103	-inf	-102650825.670560	0.000000	0.000000
104	-inf	-102650825.670560	0.000000	0.000000
105	-inf	-102650825.670560	0.000000	0.000000
106	-inf	-102650825.670560	0.000000	0.000000
107	-inf	-102650825.670560	0.000000	0.000000
108	-inf	-102650825.670560	0.000000	0.000000
109	-inf	-102650825.670560	0.000000	0.000000
110	-inf	-102650825.670560	0.000000	0.000000
111	-inf	-102650825.670560	0.000000	0.000000
112	-inf	-102650825.670560	0.000000	0.000000
113	-inf	-102650825.670560	0.000000	0.000000
114	-inf	-102650825.670560	0.000000	0.000000
115	-inf	-102650825.670560	0.000000	0.000000
116	-inf	-102650825.670560	0.000000	0.000000
117	-inf	-102650825.670560	0.000000	0.000000
118	-inf	-102650825.670560	0.000000	0.000000
119	-inf	-102650825.670560	0.000000	0.000000
120	-inf	-102650825.670560	0.000000	0.000000
121	-inf	-102650825.670560	0.000000	0.000000
122	-inf	-102650825.670560	0.000000	0.000000
123	-inf	-102650825.670560	0.000000	0.000000
124	-inf	-102650825.670560	0.000000	0.000000
125	-inf	-102650825.670560	0.000000	0.000000
126	-inf	-102650825.670560	0.000000	0.000000
127	-inf	-102650825.670560	0.000000	0.000000
128	-inf	-102650825.670560	0.000000	0.000000
129	-inf	-102650825.670560	0.000000	0.000000
130	-inf	-102650825.670560	0.000000	0.000000
131	-inf	-102650825.670560	0.000000	0.000000
132	-inf	-102650825.670560	0.000000	0.000000
133	-inf	-102650825.670560	0.000000	0.000000
134	-inf	-102650825.670560	0.000000	0.000000
135	-inf	-102650825.670560	0.000000	0.000000
136	-inf	-102650825.670560	0.000000	0.000000
137	-inf	-102650825.670560	0.000000	0.000000
138	-inf	-102650825.670560	0.000000	0.000000
139	-inf	-102650825.670560	0.000000	0.000000
140	-inf	-102650825.670560	0.000000	0.000000
141	-inf	-102650825.670560	0.000000	0.000000
142	-inf	-102650825.670560	0.000000	0.000000
143	-inf	-102650825.670560	0.000000	0.000000
144	-inf	-102650825.670560	0.000000	0.000000
145	-inf	-102650825.670560	0.000000	0.000000
146	-inf	-102650825.670560	0.000000	0.000000
147	-inf	-102650825.670560	0.000000	0.000000
148	-inf	-102650825.670560	0.000000	0.000000
149	-inf	-102650825.670560	0.000000	0.000000
150	-inf	-102650825.670560	0.000000	0.000000
151	-inf	-102650825.670560	0.000000	0.000000
152	-inf	-102650825.670560	0.000000	0.000000
153	-inf	-102650825.670560	0.000000	0.000000
154	-inf	-102650825.670560	0.000000	0.000000
155	-inf	-102650825.670560	0.000000	0.000000
156	-inf	-102650825.670560	0.000000	0.000000
157	-inf	-102650825.670560	0.000000	0.000000
158	-inf	-102650825.670560	0.000000	0.000000
159	-inf	-102650825.670560	0.000000	0.000000
160	-inf	-102650825.670560	0.000000	0.000000
161	-inf	-102650825.670560	0.000000	0.000000
162	-inf	-102650825.670560	0.000000	0.000000
163	-inf	-102650825.670560	0.000000	0.000000
164	-inf	-102650825.670560	0.000000	0.000000
165	-inf	-102650825.670560	0.000000	0.000000
166	-inf	-102650825.670560	0.000000	0.000000
167	-inf	-102650825.670560	0.000000	0.000000
168	-inf	-102650825.670560	0.000000	0.000000
169	-inf	-102650825.670560	0.000000	0.000000
170	-inf	-102650825.670560	0.000000	0.000000
171	-inf	-102650825.670560	0.000000	0.000000
172	-inf	-102650825.670560	0.000000	0.000000
173	-inf	-102650825.670560	0.000000	0.000000
174	-inf	-102650825.670560	0.000000	0.000000
175	-inf	-102650825.670560	0.000000	0.000000
176	-inf	-102650825.670560	0.000000	0.000000
177	-inf	-102650825.670560	0.000000	0.000000
178	-inf	-102650825.670560	0.000000	0.000000
179	-inf	-102650825.670560	0.000000	0.000000
180	-inf	-102650825.670560	0.000000	0.000000
181	-inf	-102650825.670560	0.000000	0.000000
182	-inf	-102650825.670560	0.000000	0.000000
183	-inf	-102650825.670560	0.000000	0.000000
184	-inf	-102650825.670560	0.000000	0.000000
185	-inf	-102650825.670560	0.000000	0.000000
186	-inf	-102650825.670560	0.000000	0.000000
187	-inf	-102650825.670560	0.000000	0.000000
188	-inf	-102650825.670560	0.000000	0.000000
189	-inf	-102650825.670560	0.000000	0.000000
190	-inf	-102650825.670560	0.000000	0.000000
191	-inf	-102650825.670560	0.000000	0.000000
192	-inf	-102650825.670560	0.000000	0.000000
193	-inf	-102650825.670560	0.000000	0.000000
194	-inf	-102650825.670560	0.000000	0.000000
195	-inf	-102650825.670560	0.000000	0.000000
196	-inf	-102650825.670560	0.000000	0.000000
197	-inf	-102650825.670560	0.000000	0.000000
198	-inf	-102650825.670560	0.000000	0.000000
199	-inf	-102650825.670560	0.000000	0.000000
200	-inf	-102650825.670560	0.000000	0.000000
201	-inf	-102650825.670560	0.000000	0.000000
202	-inf	-102650825.670560	0.000000	0.000000
203	-inf	-102650825.670560	0.000000	0.000000
204	-inf	-102650825.670560	0.000000	0.000000
205	-inf	-102650825.670560	0.000000	0.000000
206	-inf	-102650825.670560	0.000000	0.000000
207	-inf	-102650825.670560	0.000000	0.000000
208	-inf	-102650825.670560	0.000000	0.000000
209	-inf	-102650825.670560	0.000000	0.000000
210	-inf	-102650825.670560	0.000000	0.000000
211	-inf	-102650825.670560	0.000000	0.000000
212	-inf	-102650825.670560	0.000000	0.000000
213	-inf	-102650825.670560	0.000000	0.000000
214	-inf	-102650825.670560	0.000000	0.000000
215	-inf	-102650825.670560	0.000000	0.000000
216	-inf	-102650825.670560	0.000000	0.000000
217	-inf	-102650825.670560	0.000000	0.000000
218	-inf	-102650825.670560	0.000000	0.000000
219	-inf	-102650825.670560	0.000000	0.000000
220	-inf	-102650825.670560	0.000000	0.000000
221	-inf	-102650825.670560	0.000000	0.000000
222	-inf	-102650825.670560	0.000000	0.000000
223	-inf	-102650825.670560	0.000000	0.000000
224	-inf	-102650825.670560	0.000000	0.000000
225	-inf	-102650825.670560	0.000000	0.000000
226	-inf	-102650825.670560	0.000000	0.000000
227	-inf	-102650825.670560	0.000000	0.000000
228	-inf	-102650825.670560	0.000000	0.000000
229	-inf	-102650825.670560	0.000000	0.000000
230	-inf	-102650825.670560	0.000000	0.000000
231	-inf	-102650825.670560	0.000000	0.000000
232	-inf	-102650825.670560	0.000000	0.000000
233	-inf	-102650825.670560	0.000000	0.000000
234	-inf	-102650825.670560	0.000000	0.000000
235	-inf	-102650825.670560	0.000000	0.000000
236	-inf	-102650825.670560	0.000000	0.000000
237	-inf	-102650825.670560	0.000000	0.000000
238	-inf	-102650825.670560	0.000000	0.000000
239	-inf	-102650825.670560	0.000000	0.000000
240	-inf	-102650825.670560	0.000000	0.000000
241	-inf	-102650825.670560	0.000000	0.000000
242	-inf	-102650825.670560	0.000000	0.000000
243	-inf	-102650825.670560	0.000000	0.000000
244	-inf	-102650825.670560	0.000000	0.000000
245	-inf	-102650825.670560	0.000000	0.000000
246	-inf	-102650825.670560	0.000000	0.000000
247	-inf	-102650825.670560	0.000000	0.000000
248	-inf	-102650825.670560	0.000000	0.000000
249	-inf	-102650825.670560	0.000000	0.000000
250	-inf	-102650825.670560	0.000000	0.000000
251	-inf	-102650825.670560	0.000000	0.000000
252	-inf	-102650825.670560	0.000000	0.000000
253	-inf	-102650825.670560	0.000000	0.000000
254	-inf	-102650825.670560	0.000000	0.000000
255	-inf	-102650825.670560	0.000000	0.000000
256	-inf	-102650825.670560	0.000000	0.000000
257	-inf	-102650825.670560	0.000000	0.000000
258	-inf	-102650825.670560	0.000000	0.000000
259	-inf	-102650825.670560	0.000000	0.000000
260	-inf	-102650825.670560	0.000000	0.000000
261	-inf	-102650825.670560	0.000000	0.000000
262	-inf	-102650825.670560	0.000000	0.000000
263	-inf	-102650825.670560	0.000000	0.000000
264	-inf	-102650825.670560	0.000000	0.000000
265	-inf	-102650825.670560	0.000000	0.000000
266	-inf	-102650825.670560	0.000000	0.000000
267	-inf	-102650825.670560	0.000000	0.000000
268	-inf	-102650825.670560	0.000000	0.000000
269	-inf	-102650825.670560	0.000000	0.000000
270	-inf	-102650825.670560	0.000000	0.000000
271	-inf	-102650825.670560	0.000000	0.000000
272	-inf	-102650825.670560	0.000000	0.000000
273	-inf	-102650825.670560	0.000000	0.000000
274	-inf	-102650825.670560	0.000000	0.000000
275	-inf	-102650825.670560	0.000000	0.000000
276	-inf	-102650825.670560	0.000000	0.000000
277	-inf	-102650825.670560	0.000000	0.000000
278	-inf	-102650825.670560	0.000000	0.000000
279	-inf	-102650825.670560	0.000000	0.000000
280	-inf	-102650825.670560	0.000000	0.000000
281	-inf	-102650825.670560	0.000000	0.000000
282	-inf	-102650825.670560	0.000000	0.000000
283	-inf	-102650825.670560	0.000000	0.000000
284	-inf	-102650825.670560	0.000000	0.000000
285	-inf	-102650825.670560	0.000000	0.000000
286	-inf	-102650825.670560	0.000000	0.000000
287	-inf	-102650825.670560	0.000000	0.000000
288	-inf	-102650825.670560	0.000000	0.000000
289	-inf	-102650825.670560	0.000000	0.000000
290	-inf	-102650825.670560	0.000000	0.000000
291	-inf	-102650825.670560	0.000000	0.000000
292	-inf	-102650825.670560	0.000000	0.000000
293	-inf	-102650825.670560	0.000000	0.000000
294	-inf	-102650825.670560	0.000000	0.000000
295	-inf	-102650825.670560	0.000000	0.000000
296	-inf	-102650825.670560	0.000000	0.000000
297	-inf	-102650825.670560	0.000000	0.000000
298	-inf	-102650825.670560	0.000000	0.000000
299	-inf	-102650825.670560	0.000000	0.000000
300	-inf	-102650825.670560	0.000000	0.000000
301	-inf	-102650825.670560	0.000000	0.000000
302	-inf	-102650825.670560	0.000000	0.000000
303	-inf	-102650825.670560	0.000000	0.000000
304	-inf	-102650825.670560	0.000000	0.000000
305	-inf	-102650825.670560	0.000000	0.000000
306	-inf	-102650825.670560	0.000000	0.000000
307	-inf	-102650825.670560	0.000000	0.000000
308	-inf	-102650825.670560	0.000000	0.000000
309	-inf	-102650825.670560	0.000000	0.000000
310	-inf	-102650825.670560	0.000000	0.000000
311	-inf	-102650825.670560	0.000000	0.000000
312	-inf	-102650825.670560	0.000000	0.000000
313	-inf	-102650825.670560	0.000000	0.000000
314	-inf	-102650825.670560	0.000000	0.000000
315	-inf	-102650825.670560	0.000000	0.000000
316	-inf	-102650825.670560	0.000000	0.000000
317	-inf	-102650825.670560	0.000000	0.000000
318	-inf	-102650825.670560	0.000000	0.000000
319	-inf	-102650825.670560	0.000000	0.000000
320	-inf	-102650825.670560	0.000000	0.000000
321	-inf	-102650825.670560	0.000000	0.000000
322	-inf	-102650825.670560	0.000000	0.000000
323	-inf	-102650825.670560	0.000000	0.000000
324	-inf	-102650825.670560	0.000000	0.000000
325	-inf	-102650825.670560	0.000000	0.000000
326	-inf	-102650825.670560	0.000000	0.000000
327	-inf	-102650825.670560	0.000000	0.000000
328	-inf	-102650825.670560	0.000000	0.000000
329	-inf	-102650825.670560	0.000000	0.000000
330	-inf	-102650825.670560	0.000000	0.000000
331	-inf	-102650825.670560	0.000000	0.000000
332	-inf	-102650825.670560	0.000000	0.000000
333	-inf	-102650825.670560	0.000000	0.000000
334	-inf	-102650825.670560	0.000000	0.000000
335	-inf	-102650825.670560	0.000000	0.000000
336	-inf	-102650825.670560	0.000000	0.000000
337	-inf	-102650825.670560	0.000000	0.000000
338	-inf	-102650825.670560	0.000000	0.000000
339	-inf	-102650825.670560	0.000000	0.000000
340	-inf	-102650825.670560	0.000000	0.000000
341	-inf	-102650825.670560	0.000000	0.000000
342	-inf	-102650825.670560	0.000000	0.000000
343	-inf	-102650825.670560	0.000000	0.000000
344	-inf	-102650825.670560	0.000000	0.000000
345	-inf	-102650825.670560	0.000000	0.000000
346	-inf	-102650825.670560	0.000000	0.000000
347	-inf	-102650825.670560	0.000000	0.000000
348	-inf	-102650825.670560	0.000000	0.000000
349	-inf	-102650825.670560	0.000000	0.000000
350	-inf	-102650825.670560	0.000000	0.000000
351	-inf	-102650825.670560	0.000000	0.000000
352	-inf	-102650825.670560	0.000000	0.000000
353	-inf	-102650825.670560	0.000000	0.000000
354	-inf	-102650825.670560	0.000000	0.000000
355	-inf	-102650825.670560	0.000000	0.000000
356	-inf	-102650825.670560	0.000000	0.000000
357	-inf	-102650825.670560	0.000000	0.000000
358	-inf	-102650825.670560	0.000000	0.000000
359	-inf	-102650825.670560	0.000000	0.000000
360	-inf	-102650825.670560	0.000000	0.000000
361	-inf	-102650825.670560	0.000000	0.000000
362	-inf	-102650825.670560	0.000000	0.000000
363	-inf	-102650825.670560	0.000000	0.000000
364	-inf	-102650825.670560	0.000000	0.000000
365	-inf	-102650825.670560	0.000000	0.000000
366	-inf	-102650825.670560	0.000000	0.000000
367	-inf	-102650825.670560	0.000000	0.000000
368	-inf	-102650825.670560	0.000000	0.000000
369	-inf	-102650825.670560	0.000000	0.000000
370	-inf	-102650825.670560	0.000000	0.000000
371	-inf	-102650825.670560	0.000000	0.000000
372	-inf	-102650825.670560	0.000000	0.000000
373	-inf	-102650825.670560	0.000000	0.000000
374	-inf	-102650825.670560	0.000000	0.000000
375	-inf	-102650825.670560	0.000000	0.000000
376	-inf	-102650825.670560	0.000000	0.000000
377	-inf	-102650825.670560	0.000000	0.000000
378	-inf	-102650825.670560	0.000000	0.000000
379	-inf	-102650825.670560	0.000000	0.000000
380	-inf	-102650825.670560	0.000000	0.000000
381	-inf	-102650825.670560	0.000000	0.000000
382	-inf	-102650825.670560	0.000000	0.000000
383	-inf	-102650825.670560	0.000000	0.000000
384	-inf	-102650825.670560	0.000000	0.000000
385	-inf	-102650825.670560	0.000000	0.000000
386	-inf	-102650825.670560	0.000000	0.000000
387	-inf	-102650825.670560	0.000000	0.000000
388	-inf	-102650825.670560	0.000000	0.000000
389	-inf	-102650825.670560	0.000000	0.000000
390	-inf	-102650825.670560	0.000000	0.000000
391	-inf	-102650825.670560	0.000000	0.000000
392	-inf	-102650825.670560	0.000000	0.000000
393	-inf	-102650825.670560	0.000000	0.000000
394	-inf	-102650825.670560	0.000000	0.000000
395	-inf	-102650825.670560	0.000000	0.000000
396	-inf	-102650825.670560	0.000000	0.000000
397	-inf	-102650825.670560	0.000000	0.000000
398	-inf	-102650825.670560	0.000000	0.000000
399	-inf	-102650825.670560	0.000000	0.000000
400	-inf	-102650825.670560	0.000000	0.000000
401	-inf	-102650825.670560	0.000000	0.000000
402	-inf	-102650825.670560	0.000000	0.000000
403	-inf	-102650825.670560	0.000000	0.000000
404	-inf	-102650825.670560	0.000000	0.000000
405	-inf	-102650825.670560	0.000000	0.000000
406	-inf	-102650825.670560	0.000000	0.000000
407	-inf	-102650825.670560	0.000000	0.000000
408	-inf	-102650825.670560	0.000000	0.000000
409	-inf	-102650825.670560	0.000000	0.000000
410	-inf	-102650825.670560	0.000000	0.000000
411	-inf	-102650825.670560	0.000000	0.000000
412	-inf	-102650825.670560	0.000000	0.000000
413	-inf	-102650825.670560	0.000000	0.000000
414	-inf	-102650825.670560	0.000000	0.000000
415	-inf	-102650825.670560	0.000000	0.000000
416	-inf	-102650825.670560	0.000000	0.000000
417	-inf	-102650825.670560	0.000000	0.000000
418	-inf	-102650825.670560	0.000000	0.000000
419	-inf	-102650825.670560	0.000000	0.000000
420	-inf	-102650825.670560	0.000000	0.000000
421	-inf	-102650825.670560	0.000000	0.000000
422	-inf	-102650825.670560	0.000000	0.000000
423	-inf	-102650825.670560	0.000000	0.000000
424	-inf	-102650825.670560	0.000000	0.000000
425	-inf	-102650825.670560	0.000000	0.000000
426	-inf	-102650825.670560	0.000000	0.000000
427	-inf	-102650825.670560	0.000000	0.000000
428	-inf	-102650825.670560	0.000000	0.000000
429	-inf	-102650825.670560	0.000000	0.000000
430	-inf	-102650825.670560	0.000000	0.000000
431	-inf	-102650825.670560	0.000000	0.000000
432	-inf	-102650825.670560	0.000000	0.000000
433	-inf	-102650825.670560	0.000000	0.000000
434	-inf	-102650825.670560	0.000000	0.000000
435	-inf	-102650825.670560	0.000000	0.000000
436	-inf	-102650825.670560	0.000000	0.000000
437	-inf	-102650825.670560	0.000000	0.000000
438	-inf	-102650825.670560	0.000000	0.000000
439	-inf	-102650825.670560	0.000000	0.000000
440	-inf	-102650825.670560	0.000000	0.000000
441	-inf	-102650825.670560	0.000000	0.000000
442	-inf	-102650825.670560	0.000000	0.000000
443	-inf	-102650825.670560	0.000000	0.000000
444	-inf	-102650825.670560	0.000000	0.000000
445	-inf	-102650825.670560	0.000000	0.000000
446	-inf	-102650825.670560	0.000000	0.000000
447	-inf	-102650825.670560	0.000000	0.000000
448	-inf	-102650825.670560	0.000000	0.000000
449	-inf	-102650825.670560	0.000000	0.000000
450	-inf	-102650825.670560	0.000000	0.000000
451	-inf	-102650825.670560	0.000000	0.000000
452	-inf	-102650825.670560	0.000000	0.000000
453	-inf	-102650825.670560	0.000000	0.000000
454	-inf	-102650825.670560	0.000000	0.000000
455	-inf	-102650825.670560	0.000000	0.000000
456	-inf	-102650825.670560	0.000000	0.000000
457	-inf	-102650825.670560	0.000000	0.000000
458	-inf	-102650825.670560	0.000000	0.000000
459	-inf	-102650825.670560	0.000000	0.000000
460	-inf	-102650825.670560	0.000000	0.000000
461	-inf	-102650825.670560	0.000000	0.000000
462	-inf	-102650825.670560	0.000000	0.000000
463	-inf	-102650825.670560	0.000000	0.000000
464	-inf	-102650825.670560	0.000000	0.000000
465	-inf	-102650825.670560	0.000000	0.000000
466	-inf	-102650825.670560	0.000000	0.000000
467	-inf	-102650825.670560	0.000000	0.000000
468	-inf	-102650825.670560	0.000000	0.000000
469	-inf	-102650825.670560	0.000000	0.000000
470	-inf	-102650825.670560	0.000000	0.000000
471	-inf	-102650825.670560	0.000000	0.000000
472	-inf	-102650825.670560	0.000000	0.000000
473	-inf	-102650825.670560	0.000000	0.000000
474	-inf	-102650825.670560	0.000000	0.000000
475	-inf	-102650825.670560	0.000000	0.000000
476	-inf	-102650825.670560	0.000000	0.000000
477	-inf	-102650825.670560	0.000000	0.000000
478	-inf	-102650825.670560	0.000000	0.000000
479	-inf	-102650825.670560	0.000000	0.000000
480	-inf	-102650825.670560	0.000000	0.000000
481	-inf	-102650825.670560	0.000000	0.000000
482	-inf	-102650825.670560	0.000000	0.000000
483	-inf	-102650825.670560	0.000000	0.000000
484	-inf	-102650825.670560	0.000000	0.000000
485	-inf	-102650825.670560	0.000000	0.000000
486	-inf	-102650825.670560	0.000000	0.000000
487	-inf	-102650825.670560	0.000000	0.000000
488	-inf	-102650825.670560	0.000000	0.000000
489	-inf	-102650825.670560	0.000000	0.000000
490	-inf	-102650825.670560	0.000000	0.000000
491	-inf	-102650825.670560	0.000000	0.000000
492	-inf	-102650825.670560	0.000000	0.000000
493	-inf	-102650825.670560	0.000000	0.000000
494	-inf	-102650825.670560	0.000000	0.000000
495	-inf	-102650825.670560	0.000000	0.000000
496	-inf	-102650825.670560	0.000000	0.000000
497	-inf	-102650825.670560	0.000000	0.000000
498	-inf	-102650825.670560	0.000000	0.000000
499	-inf	-102650825.670560	0.000000	0.000000
500	-inf	-102650825.670560	0.000000	0.000000
501	-inf	-102650825.670560	0.000000	0.000000
502	-inf	-102650825.670560	0.000000	0.000000
503	-inf	-102650825.670560	0.000000	0.000000
504	-inf	-102650825.670560	0.000000	0.000000
505	-inf	-102650825.670560	0.000000	0.000000
506	-inf	-102650825.670560	0.000000	0.000000
507	-inf	-102650825.670560	0.000000	0.000000
508	-inf	-102650825.670560	0.000000	0.000000
509	-inf	-102650825.670560	0.000000	0.000000
510	-inf	-102650825.670560	0.000000	0.000000
511	-inf	-102650825.670560	0.000000	0.000000
512	-inf	-102650825.670560	0.000000	0.000000
513	-inf	-102650825.670560	0.000000	0.000000
514	-inf	-102650825.670560	0.000000	0.000000
515	-inf	-102650825.670560	0.000000	0.000000
516	-inf	-102650825.670560	0.000000	0.000000
517	-inf	-102650825.670560	0.000000	0.000000
518	-inf	-102650825.670560	0.000000	0.000000
519	-inf	-102650825.670560	0.000000	0.000000
520	-inf	-102650825.670560	0.000000	0.000000
521	-inf	-102650825.670560	0.000000	0.000000
522	-inf	-102650825.670560	0.000000	0.000000
523	-inf	-102650825.670560	0.000000	0.000000
524	-inf	-102650825.670560	0.000000	0.000000
525	-inf	-102650825.670560	0.000000	0.000000
526	-inf	-102650825.670560	0.000000	0.000000
527	-inf	-102650825.670560	0.000000	0.000000
528	-inf	-102650825.670560	0.000000	0.000000
529	-inf	-102650825.670560	0.000000	0.000000
530	-inf	-102650825.670560	0.000000	0.000000
531	-inf	-102650825.670560	0.000000	0.000000
532	-inf	-102650825.670560	0.000000	0.000000
533	-inf	-102650825.670560	0.000000	0.000000
534	-inf	-102650825.670560	0.000000	0.000000
535	-inf	-102650825.670560	0.000000	0.000000
536	-inf	-102650825.670560	0.000000	0.000000
537	-inf	-102650825.670560	0.000000	0.000000
538	-inf	-102650825.670560	0.000000	0.000000
539	-inf	-102650825.670560	0.000000	0.000000
540	-inf	-102650825.670560	0.000000	0.000000
541	-inf	-102650825.670560	0.000000	0.000000
542	-inf	-102650825.670560	0.000000	0.000000
543	-inf	-102650825.670560	0.000000	0.000000
544	-inf	-102650825.670560	0.000000	0.000000
545	-inf	-102650825.670560	0.000000	0.000000
546	-inf	-102650825.670560	0.000000	0.000000
547	-inf	-102650825.670560	0.000000	0.000000
548	-inf	-102650825.670560	0.000000	0.000000
549	-inf	-102650825.670560	0.000000	0.000000
550	-inf	-102650825.670560	0.000000	0.000000
551	-inf	-102650825.670560	0.000000	0.000000
552	-inf	-102650825.670560	0.000000	0.000000
553	-inf	-102650825.670560	0.000000	0.000000
554	-inf	-102650825.670560	0.000000	0.000000
555	-inf	-102650825.670560	0.000000	0.000000
556	-inf	-102650825.670560	0.000000	0.000000
557	-inf	-102650825.670560	0.000000	0.000000
558	-inf	-102650825.670560	0.000000	0.000000
559	-inf	-102650825.670560	0.000000	0.000000
560	-inf	-102650825.670560	0.000000	0.000000
561	-inf	-102650825.670560	0.000000	0.000000
562	-inf	-102650825.670560	0.000000	0.000000
563	-inf	-102650825.670560	0.000000	0.000000
564	-inf	-102650825.670560	0.000000	0.000000
565	-inf	-102650825.670560	0.000000	0.000000
566	-inf	-102650825.670560	0.000000	0.000000
567	-inf	-102650825.670560	0.000000	0.000000
568	-inf	-102650825.670560	0.000000	0.000000
569	-inf	-102650825.670560	0.000000	0.000000
570	-inf	-102650825.670560	0.000000	0.000000
571	-inf	-102650825.670560	0.000000	0.000000
572	-inf	-102650825.670560	0.000000	0.000000
573	-inf	-102650825.670560	0.000000	0.000000
574	-inf	-102650825.670560	0.000000	0.000000
575	-inf	-102650825.670560	0.000000	0.000000
576	-inf	-102650825.670560	0.000000	0.000000
577	-inf	-102650825.670560	0.000000	0.000000
578	-inf	-102650825.670560	0.000000	0.000000
579	-inf	-102650825.670560	0.000000	0.000000
580	-inf	-102650825.670560	0.000000	0.000000
581	-inf	-102650825.670560	0.000000	0.000000
582	-inf	-102650825.670560	0.000000	0.000000
583	-inf	-102650825.670560	0.000000	0.000000
584	-inf	-102650825.670560	0.000000	0.000000
585	-inf	-102650825.670560	0.000000	0.000000
586	-inf	-102650825.670560	0.000000	0.000000
587	-inf	-102650825.670560	0.000000	0.000000
588	-inf	-102650825.670560	0.000000	0.000000
589	-inf	-102650825.670560	0.000000	0.000000
590	-inf	-102650825.670560	0.000000	0.000000
591	-inf	-102650825.670560	0.000000	0.000000
592	-inf	-102650825.670560	0.000000	0.000000
593	-inf	-102650825.670560	0.000000	0.000000
594	-inf	-102650825.670560	0.000000	0.000000
595	-inf	-102650825.670560	0.000000	0.000000
596	-inf	-102650825.670560	0.000000	0.000000
597	-inf	-102650825.670560	0.000000	0.000000
598	-inf	-102650825.670560	0.000000	0.000000
599	-inf	-102650825.670560	0.000000	0.000000