# Turn	Orbit_Min_x	Orbit_Max_x	Orbit_Min_y	Orbit_Max_y
0	-0.000000	0.000000	0.000000	0.000000
1	-0.007475	0.005819	0.000000	0.000000
2	-0.007475	0.005818	0.000000	0.000000
3	-0.007475	0.005818	0.000000	0.000000
4	-0.007475	0.005817	0.000000	0.000000
5	-0.007475	0.005817	0.000000	0.000000
6	-0.007474	0.005816	0.000000	0.000000
7	-0.007474	0.005816	0.000000	0.000000
8	-0.007474	0.005815	0.000000	0.000000
9	-0.007474	0.005815	0.000000	0.000000
10	-0.007474	0.005815	0.000000	0.000000
11	-0.007473	0.005814	0.000000	0.000000
12	-0.007472	0.005813	0.000000	0.000000
13	-0.007470	0.005812	0.000000	0.000000
14	-0.007469	0.005812	0.000000	0.000000
15	-0.007468	0.005811	0.000000	0.000000
16	-0.007467	0.005810	0.000000	0.000000
17	-0.007466	0.005809	0.000000	0.000000
18	-0.007464	0.005808	0.000000	0.000000
19	-0.007463	0.005808	0.000000	0.000000
20	-0.007462	0.005807	0.000000	0.000000
21	-0.007460	0.005806	0.000000	0.000000
22	-0.007459	0.005804	0.000000	0.000000
23	-0.007457	0.005802	0.000000	0.000000
24	-0.007455	0.005801	0.000000	0.000000
25	-0.007453	0.005799	0.000000	0.000000
26	-0.007452	0.005798	0.000000	0.000000
27	-0.007450	0.005796	0.000000	0.000000
28	-0.007448	0.005795	0.000000	0.000000
29	-0.007446	0.005793	0.000000	0.000000
30	-0.007445	0.005792	0.000000	0.000000
31	-0.007442	0.005790	0.000000	0.000000
32	-0.007439	0.005788	0.000000	0.000000
33	-0.007437	0.005786	0.000000	0.000000
34	-0.007434	0.005784	0.000000	0.000000
35	-0.007431	0.005783	0.000000	0.000000
36	-0.007428	0.005781	0.000000	0.000000
37	-0.007426	0.005779	0.000000	0.000000
38	-0.007423	0.005777	0.000000	0.000000
39	-0.007420	0.005775	0.000000	0.000000
40	-0.007417	0.005773	0.000000	0.000000
41	-0.007414	0.005771	0.000000	0.000000
42	-0.007411	0.005768	0.000000	0.000000
43	-0.007408	0.005765	0.000000	0.000000
44	-0.007405	0.005762	0.000000	0.000000
45	-0.007402	0.005760	0.000000	0.000000
46	-0.007399	0.005757	0.000000	0.000000
47	-0.007396	0.005754	0.000000	0.000000
48	-0.007393	0.005751	0.000000	0.000000
49	-0.007390	0.005749	0.000000	0.000000
50	-0.007387	0.005746	0.000000	0.000000
51	-0.007382	0.005743	0.000000	0.000000
52	-0.007378	0.005740	0.000000	0.000000
53	-0.007373	0.005737	0.000000	0.000000
54	-0.007369	0.005735	0.000000	0.000000
55	-0.007364	0.005732	0.000000	0.000000
56	-0.007360	0.005729	0.000000	0.000000
57	-0.007356	0.005726	0.000000	0.000000
58	-0.007351	0.005723	0.000000	0.000000
59	-0.007347	0.005721	0.000000	0.000000
60	-0.007342	0.005718	0.000000	0.000000
61	-0.007338	0.005714	0.000000	0.000000
62	-0.007333	0.005710	0.000000	0.000000
63	-0.007328	0.005706	0.000000	0.000000
64	-0.007324	0.005703	0.000000	0.000000
65	-0.007319	0.005699	0.000000	0.000000
66	-0.007314	0.005695	0.000000	0.000000
67	-0.007310	0.005691	0.000000	0.000000
68	-0.007305	0.005687	0.000000	0.000000
69	-0.007300	0.005683	0.000000	0.000000
70	-0.007296	0.005680	0.000000	0.000000
71	-0.007290	0.005675	0.000000	0.000000
72	-0.007285	0.005671	0.000000	0.000000
73	-0.007279	0.005667	0.000000	0.000000
74	-0.007274	0.005663	0.000000	0.000000
75	-0.007268	0.005659	0.000000	0.000000
76	-0.007263	0.005654	0.000000	0.000000
77	-0.007257	0.005650	0.000000	0.000000
78	-0.007252	0.005646	0.000000	0.000000
79	-0.007246	0.005642	0.000000	0.000000
80	-0.007241	0.005638	0.000000	0.000000
81	-0.007234	0.005633	0.000000	0.000000
82	-0.007228	0.005628	0.000000	0.000000
83	-0.007222	0.005623	0.000000	0.000000
84	-0.007216	0.005619	0.000000	0.000000
85	-0.007209	0.005614	0.000000	0.000000
86	-0.007203	0.005609	0.000000	0.000000
87	-0.007197	0.005604	0.000000	0.000000
88	-0.007190	0.005600	0.000000	0.000000
89	-0.007184	0.005595	0.000000	0.000000
90	-0.007178	0.005590	0.000000	0.000000
91	-0.007171	0.005585	0.000000	0.000000
92	-0.007164	0.005580	0.000000	0.000000
93	-0.007157	0.005574	0.000000	0.000000
94	-0.007150	0.005569	0.000000	0.000000
95	-0.007144	0.005563	0.000000	0.000000
96	-0.007137	0.005558	0.000000	0.000000
97	-0.007130	0.005553	0.000000	0.000000
98	-0.007123	0.005547	0.000000	0.000000
99	-0.007116	0.005542	0.000000	0.000000
100	-0.007109	0.005536	0.000000	0.000000
101	-0.007102	0.005530	0.000000	0.000000
102	-0.007095	0.005524	0.000000	0.000000
103	-0.007087	0.005518	0.000000	0.000000
104	-0.007080	0.005512	0.000000	0.000000
105	-0.007073	0.005506	0.000000	0.000000
106	-0.007065	0.005500	0.000000	0.000000
107	-0.007058	0.005493	0.000000	0.000000
108	-0.007050	0.005487	0.000000	0.000000
109	-0.007043	0.005481	0.000000	0.000000
110	-0.007036	0.005475	0.000000	0.000000
111	-0.007027	0.005469	0.000000	0.000000
112	-0.007019	0.005462	0.000000	0.000000
113	-0.007010	0.005456	0.000000	0.000000
114	-0.007002	0.005450	0.000000	0.000000
115	-0.006993	0.005444	0.000000	0.000000
116	-0.006985	0.005437	0.000000	0.000000
117	-0.006976	0.005431	0.000000	0.000000
118	-0.006968	0.005425	0.000000	0.000000
119	-0.006959	0.005418	0.000000	0.000000
120	-0.006951	0.005412	0.000000	0.000000
121	-0.006942	0.005405	0.000000	0.000000
122	-0.006933	0.005398	0.000000	0.000000
123	-0.006924	0.005391	0.000000	0.000000
124	-0.006915	0.005384	0.000000	0.000000
125	-0.006906	0.005377	0.000000	0.000000
126	-0.006897	0.005370	0.000000	0.000000
127	-0.006888	0.005363	0.000000	0.000000
128	-0.006879	0.005356	0.000000	0.000000
129	-0.006870	0.005349	0.000000	0.000000
130	-0.006861	0.005342	0.000000	0.000000
131	-0.006851	0.005335	0.000000	0.000000
132	-0.006841	0.005328	0.000000	0.000000
133	-0.006831	0.005320	0.000000	0.000000
134	-0.006821	0.005313	0.000000	0.000000
135	-0.006812	0.005306	0.000000	0.000000
136	-0.006802	0.005298	0.000000	0.000000
137	-0.006792	0.005291	0.000000	0.000000
138	-0.006782	0.005283	0.000000	0.000000
139	-0.006772	0.005276	0.000000	0.000000
140	-0.006762	0.005269	0.000000	0.000000
141	-0.006752	0.005261	0.000000	0.000000
142	-0.006742	0.005253	0.000000	0.000000
143	-0.006731	0.005245	0.000000	0.000000
144	-0.006721	0.005237	0.000000	0.000000
145	-0.006710	0.005229	0.000000	0.000000
146	-0.006700	0.005221	0.000000	0.000000
147	-0.006690	0.005213	0.000000	0.000000
148	-0.006679	0.005205	0.000000	0.000000
149	-0.006669	0.005197	0.000000	0.000000
150	-0.006658	0.005189	0.000000	0.000000
151	-0.006648	0.005181	0.000000	0.000000
152	-0.006637	0.005172	0.000000	0.000000
153	-0.006626	0.005163	0.000000	0.000000
154	-0.006616	0.005154	0.000000	0.000000
155	-0.006605	0.005145	0.000000	0.000000
156	-0.006594	0.005137	0.000000	0.000000
157	-0.006583	0.005128	0.000000	0.000000
158	-0.006573	0.005119	0.000000	0.000000
159	-0.006562	0.005110	0.000000	0.000000
160	-0.006551	0.005101	0.000000	0.000000
161	-0.006540	0.005092	0.000000	0.000000
162	-0.006528	0.005084	0.000000	0.000000
163	-0.006516	0.005075	0.000000	0.000000
164	-0.006504	0.005066	0.000000	0.000000
165	-0.006492	0.005057	0.000000	0.000000
166	-0.006481	0.005048	0.000000	0.000000
167	-0.006469	0.005039	0.000000	0.000000
168	-0.006457	0.005030	0.000000	0.000000
169	-0.006445	0.005021	0.000000	0.000000
170	-0.006434	0.005012	0.000000	0.000000
171	-0.006422	0.005002	0.000000	0.000000
172	-0.006409	0.004992	0.000000	0.000000
173	-0.006397	0.004983	0.000000	0.000000
174	-0.006385	0.004973	0.000000	0.000000
175	-0.006373	0.004963	0.000000	0.000000
176	-0.006361	0.004954	0.000000	0.000000
177	-0.006349	0.004944	0.000000	0.000000
178	-0.006337	0.004934	0.000000	0.000000
179	-0.006324	0.004925	0.000000	0.000000
180	-0.006312	0.004915	0.000000	0.000000
181	-0.006299	0.004905	0.000000	0.000000
182	-0.006286	0.004896	0.000000	0.000000
183	-0.006273	0.004886	0.000000	0.000000
184	-0.006260	0.004876	0.000000	0.000000
185	-0.006246	0.004866	0.000000	0.000000
186	-0.006233	0.004856	0.000000	0.000000
187	-0.006220	0.004847	0.000000	0.000000
188	-0.006207	0.004837	0.000000	0.000000
189	-0.006193	0.004827	0.000000	0.000000
190	-0.006180	0.004817	0.000000	0.000000
191	-0.006167	0.004807	0.000000	0.000000
192	-0.006153	0.004796	0.000000	0.000000
193	-0.006140	0.004786	0.000000	0.000000
194	-0.006126	0.004776	0.000000	0.000000
195	-0.006113	0.004765	0.000000	0.000000
196	-0.006099	0.004755	0.000000	0.000000
197	-0.006086	0.004744	0.000000	0.000000
198	-0.006072	0.004734	0.000000	0.000000
199	-0.006058	0.004723	0.000000	0.000000
200	-0.006045	0.004713	0.000000	0.000000
201	-0.006031	0.004702	0.000000	0.000000
202	-0.006017	0.004691	0.000000	0.000000
203	-0.006003	0.004680	0.000000	0.000000
204	-0.005989	0.004669	0.000000	0.000000
205	-0.005975	0.004658	0.000000	0.000000
206	-0.005961	0.004647	0.000000	0.000000
207	-0.005946	0.004636	0.000000	0.000000
208	-0.005932	0.004624	0.000000	0.000000
209	-0.005918	0.004613	0.000000	0.000000
210	-0.005904	0.004602	0.000000	0.000000
211	-0.005890	0.004591	0.000000	0.000000
212	-0.005875	0.004580	0.000000	0.000000
213	-0.005860	0.004568	0.000000	0.000000
214	-0.005845	0.004557	0.000000	0.000000
215	-0.005831	0.004546	0.000000	0.000000
216	-0.005816	0.004534	0.000000	0.000000
217	-0.005801	0.004523	0.000000	0.000000
218	-0.005786	0.004511	0.000000	0.000000
219	-0.005772	0.004500	0.000000	0.000000
220	-0.005757	0.004489	0.000000	0.000000
221	-0.005742	0.004477	0.000000	0.000000
222	-0.005727	0.004465	0.000000	0.000000
223	-0.005712	0.004452	0.000000	0.000000
224	-0.005697	0.004440	0.000000	0.000000
225	-0.005682	0.004428	0.000000	0.000000
226	-0.005667	0.004416	0.000000	0.000000
227	-0.005652	0.004404	0.000000	0.000000
228	-0.005637	0.004392	0.000000	0.000000
229	-0.005622	0.004380	0.000000	0.000000
230	-0.005607	0.004368	0.000000	0.000000
231	-0.005591	0.004355	0.000000	0.000000
232	-0.005576	0.004343	0.000000	0.000000
233	-0.005560	0.004331	0.000000	0.000000
234	-0.005544	0.004319	0.000000	0.000000
235	-0.005528	0.004306	0.000000	0.000000
236	-0.005512	0.004294	0.000000	0.000000
237	-0.005496	0.004282	0.000000	0.000000
238	-0.005480	0.004270	0.000000	0.000000
239	-0.005464	0.004257	0.000000	0.000000
240	-0.005448	0.004245	0.000000	0.000000
241	-0.005432	0.004232	0.000000	0.000000
242	-0.005416	0.004220	0.000000	0.000000
243	-0.005399	0.004207	0.000000	0.000000
244	-0.005383	0.004195	0.000000	0.000000
245	-0.005366	0.004182	0.000000	0.000000
246	-0.005350	0.004169	0.000000	0.000000
247	-0.005333	0.004157	0.000000	0.000000
248	-0.005317	0.004144	0.000000	0.000000
249	-0.005300	0.004132	0.000000	0.000000
250	-0.005284	0.004119	0.000000	0.000000
251	-0.005267	0.004106	0.000000	0.000000
252	-0.005250	0.004093	0.000000	0.000000
253	-0.005232	0.004080	0.000000	0.000000
254	-0.005215	0.004067	0.000000	0.000000
255	-0.005198	0.004054	0.000000	0.000000
256	-0.005181	0.004041	0.000000	0.000000
257	-0.005164	0.004028	0.000000	0.000000
258	-0.005147	0.004015	0.000000	0.000000
259	-0.005130	0.004002	0.000000	0.000000
260	-0.005113	0.003990	0.000000	0.000000
261	-0.005096	0.003976	0.000000	0.000000
262	-0.005079	0.003962	0.000000	0.000000
263	-0.005062	0.003948	0.000000	0.000000
264	-0.005045	0.003934	0.000000	0.000000
265	-0.005028	0.003920	0.000000	0.000000
266	-0.005011	0.003906	0.000000	0.000000
267	-0.004994	0.003893	0.000000	0.000000
268	-0.004977	0.003879	0.000000	0.000000
269	-0.004960	0.003865	0.000000	0.000000
270	-0.004943	0.003851	0.000000	0.000000
271	-0.004925	0.003837	0.000000	0.000000
272	-0.004907	0.003824	0.000000	0.000000
273	-0.004888	0.003810	0.000000	0.000000
274	-0.004870	0.003797	0.000000	0.000000
275	-0.004852	0.003783	0.000000	0.000000
276	-0.004833	0.003770	0.000000	0.000000
277	-0.004815	0.003756	0.000000	0.000000
278	-0.004797	0.003743	0.000000	0.000000
279	-0.004778	0.003729	0.000000	0.000000
280	-0.004760	0.003716	0.000000	0.000000
281	-0.004741	0.003701	0.000000	0.000000
282	-0.004723	0.003687	0.000000	0.000000
283	-0.004705	0.003673	0.000000	0.000000
284	-0.004686	0.003659	0.000000	0.000000
285	-0.004668	0.003645	0.000000	0.000000
286	-0.004649	0.003631	0.000000	0.000000
287	-0.004631	0.003616	0.000000	0.000000
288	-0.004612	0.003602	0.000000	0.000000
289	-0.004594	0.003588	0.000000	0.000000
290	-0.004575	0.003574	0.000000	0.000000
291	-0.004557	0.003559	0.000000	0.000000
292	-0.004538	0.003544	0.000000	0.000000
293	-0.004520	0.003530	0.000000	0.000000
294	-0.004501	0.003515	0.000000	0.000000
295	-0.004483	0.003500	0.000000	0.000000
296	-0.004464	0.003485	0.000000	0.000000
297	-0.004446	0.003470	0.000000	0.000000
298	-0.004427	0.003456	0.000000	0.000000
299	-0.004408	0.003441	0.000000	0.000000
300	-0.004390	0.003426	0.000000	0.000000
301	-0.004371	0.003411	0.000000	0.000000
302	-0.004351	0.003396	0.000000	0.000000
303	-0.004332	0.003381	0.000000	0.000000
304	-0.004312	0.003367	0.000000	0.000000
305	-0.004293	0.003352	0.000000	0.000000
306	-0.004273	0.003337	0.000000	0.000000
307	-0.004254	0.003322	0.000000	0.000000
308	-0.004234	0.003307	0.000000	0.000000
309	-0.004215	0.003293	0.000000	0.000000
310	-0.004196	0.003278	0.000000	0.000000
311	-0.004176	0.003262	0.000000	0.000000
312	-0.004157	0.003247	0.000000	0.000000
313	-0.004138	0.003231	0.000000	0.000000
314	-0.004118	0.003216	0.000000	0.000000
315	-0.004099	0.003200	0.000000	0.000000
316	-0.004080	0.003184	0.000000	0.000000
317	-0.004061	0.003169	0.000000	0.000000
318	-0.004041	0.003153	0.000000	0.000000
319	-0.004022	0.003138	0.000000	0.000000
320	-0.004003	0.003122	0.000000	0.000000
321	-0.003983	0.003107	0.000000	0.000000
322	-0.003962	0.003091	0.000000	0.000000
323	-0.003942	0.003076	0.000000	0.000000
324	-0.003922	0.003060	0.000000	0.000000
325	-0.003902	0.003045	0.000000	0.000000
326	-0.003882	0.003029	0.000000	0.000000
327	-0.003862	0.003014	0.000000	0.000000
328	-0.003841	0.002998	0.000000	0.000000
329	-0.003821	0.002983	0.000000	0.000000
330	-0.003801	0.002967	0.000000	0.000000
331	-0.003781	0.002951	0.000000	0.000000
332	-0.003760	0.002936	0.000000	0.000000
333	-0.003740	0.002920	0.000000	0.000000
334	-0.003720	0.002904	0.000000	0.000000
335	-0.003699	0.002888	0.000000	0.000000
336	-0.003679	0.002872	0.000000	0.000000
337	-0.003659	0.002856	0.000000	0.000000
338	-0.003638	0.002840	0.000000	0.000000
339	-0.003618	0.002824	0.000000	0.000000
340	-0.003597	0.002808	0.000000	0.000000
341	-0.003577	0.002792	0.000000	0.000000
342	-0.003556	0.002776	0.000000	0.000000
343	-0.003535	0.002760	0.000000	0.000000
344	-0.003514	0.002744	0.000000	0.000000
345	-0.003494	0.002727	0.000000	0.000000
346	-0.003473	0.002711	0.000000	0.000000
347	-0.003452	0.002695	0.000000	0.000000
348	-0.003432	0.002679	0.000000	0.000000
349	-0.003411	0.002663	0.000000	0.000000
350	-0.003390	0.002646	0.000000	0.000000
351	-0.003369	0.002630	0.000000	0.000000
352	-0.003348	0.002614	0.000000	0.000000
353	-0.003327	0.002597	0.000000	0.000000
354	-0.003305	0.002581	0.000000	0.000000
355	-0.003284	0.002565	0.000000	0.000000
356	-0.003263	0.002548	0.000000	0.000000
357	-0.003242	0.002532	0.000000	0.000000
358	-0.003221	0.002516	0.000000	0.000000
359	-0.003200	0.002499	0.000000	0.000000
360	-0.003178	0.002483	0.000000	0.000000
361	-0.003157	0.002466	0.000000	0.000000
362	-0.003136	0.002449	0.000000	0.000000
363	-0.003115	0.002432	0.000000	0.000000
364	-0.003094	0.002415	0.000000	0.000000
365	-0.003073	0.002398	0.000000	0.000000
366	-0.003052	0.002381	0.000000	0.000000
367	-0.003031	0.002364	0.000000	0.000000
368	-0.003010	0.002347	0.000000	0.000000
369	-0.002989	0.002330	0.000000	0.000000
370	-0.002968	0.002313	0.000000	0.000000
371	-0.002946	0.002296	0.000000	0.000000
372	-0.002924	0.002280	0.000000	0.000000
373	-0.002902	0.002264	0.000000	0.000000
374	-0.002879	0.002247	0.000000	0.000000
375	-0.002857	0.002231	0.000000	0.000000
376	-0.002835	0.002214	0.000000	0.000000
377	-0.002813	0.002198	0.000000	0.000000
378	-0.002790	0.002181	0.000000	0.000000
379	-0.002768	0.002165	0.000000	0.000000
380	-0.002746	0.002148	0.000000	0.000000
381	-0.002724	0.002131	0.000000	0.000000
382	-0.002702	0.002114	0.000000	0.000000
383	-0.002680	0.002097	0.000000	0.000000
384	-0.002658	0.002080	0.000000	0.000000
385	-0.002636	0.002063	0.000000	0.000000
386	-0.002614	0.002045	0.000000	0.000000
387	-0.002593	0.002028	0.000000	0.000000
388	-0.002571	0.002011	0.000000	0.000000
389	-0.002549	0.001994	0.000000	0.000000
390	-0.002527	0.001977	0.000000	0.000000
391	-0.002505	0.001959	0.000000	0.000000
392	-0.002483	0.001942	0.000000	0.000000
393	-0.002461	0.001924	0.000000	0.000000
394	-0.002439	0.001907	0.000000	0.000000
395	-0.002417	0.001889	0.000000	0.000000
396	-0.002395	0.001872	0.000000	0.000000
397	-0.002373	0.001854	0.000000	0.000000
398	-0.002351	0.001837	0.000000	0.000000
399	-0.002329	0.001819	0.000000	0.000000
400	-0.002306	0.001802	0.000000	0.000000
401	-0.002284	0.001784	0.000000	0.000000
402	-0.002261	0.001767	0.000000	0.000000
403	-0.002239	0.001749	0.000000	0.000000
404	-0.002217	0.001732	0.000000	0.000000
405	-0.002194	0.001715	0.000000	0.000000
406	-0.002172	0.001697	0.000000	0.000000
407	-0.002149	0.001680	0.000000	0.000000
408	-0.002127	0.001662	0.000000	0.000000
409	-0.002104	0.001645	0.000000	0.000000
410	-0.002082	0.001627	0.000000	0.000000
411	-0.002059	0.001610	0.000000	0.000000
412	-0.002036	0.001592	0.000000	0.000000
413	-0.002013	0.001574	0.000000	0.000000
414	-0.001991	0.001557	0.000000	0.000000
415	-0.001968	0.001539	0.000000	0.000000
416	-0.001945	0.001521	0.000000	0.000000
417	-0.001923	0.001504	0.000000	0.000000
418	-0.001900	0.001486	0.000000	0.000000
419	-0.001877	0.001469	0.000000	0.000000
420	-0.001855	0.001451	0.000000	0.000000
421	-0.001832	0.001433	0.000000	0.000000
422	-0.001809	0.001415	0.000000	0.000000
423	-0.001787	0.001397	0.000000	0.000000
424	-0.001764	0.001379	0.000000	0.000000
425	-0.001741	0.001361	0.000000	0.000000
426	-0.001719	0.001343	0.000000	0.000000
427	-0.001696	0.001325	0.000000	0.000000
428	-0.001674	0.001308	0.000000	0.000000
429	-0.001651	0.001290	0.000000	0.000000
430	-0.001628	0.001272	0.000000	0.000000
431	-0.001605	0.001254	0.000000	0.000000
432	-0.001583	0.001236	0.000000	0.000000
433	-0.001560	0.001218	0.000000	0.000000
434	-0.001537	0.001199	0.000000	0.000000
435	-0.001514	0.001181	0.000000	0.000000
436	-0.001491	0.001163	0.000000	0.000000
437	-0.001468	0.001145	0.000000	0.000000
438	-0.001446	0.001127	0.000000	0.000000
439	-0.001423	0.001109	0.000000	0.000000
440	-0.001400	0.001091	0.000000	0.000000
441	-0.001377	0.001073	0.000000	0.000000
442	-0.001353	0.001055	0.000000	0.000000
443	-0.001330	0.001037	0.000000	0.000000
444	-0.001307	0.001020	0.000000	0.000000
445	-0.001283	0.001002	0.000000	0.000000
446	-0.001260	0.000984	0.000000	0.000000
447	-0.001237	0.000966	0.000000	0.000000
448	-0.001213	0.000948	0.000000	0.000000
449	-0.001190	0.000930	0.000000	0.000000
450	-0.001167	0.000912	0.000000	0.000000
451	-0.001144	0.000894	0.000000	0.000000
452	-0.001120	0.000876	0.000000	0.000000
453	-0.001097	0.000858	0.000000	0.000000
454	-0.001074	0.000840	0.000000	0.000000
455	-0.001050	0.000822	0.000000	0.000000
456	-0.001027	0.000804	0.000000	0.000000
457	-0.001004	0.000786	0.000000	0.000000
458	-0.000981	0.000768	0.000000	0.000000
459	-0.000957	0.000750	0.000000	0.000000
460	-0.000934	0.000732	0.000000	0.000000
461	-0.000911	0.000713	0.000000	0.000000
462	-0.000888	0.000695	0.000000	0.000000
463	-0.000864	0.000677	0.000000	0.000000
464	-0.000841	0.000658	0.000000	0.000000
465	-0.000818	0.000640	0.000000	0.000000
466	-0.000795	0.000622	0.000000	0.000000
467	-0.000772	0.000604	0.000000	0.000000
468	-0.000748	0.000585	0.000000	0.000000
469	-0.000725	0.000567	0.000000	0.000000
470	-0.000702	0.000549	0.000000	0.000000
471	-0.000679	0.000530	0.000000	0.000000
472	-0.000655	0.000512	0.000000	0.000000
473	-0.000632	0.000494	0.000000	0.000000
474	-0.000608	0.000476	0.000000	0.000000
475	-0.000585	0.000457	0.000000	0.000000
476	-0.000562	0.000439	0.000000	0.000000
477	-0.000538	0.000421	0.000000	0.000000
478	-0.000515	0.000402	0.000000	0.000000
479	-0.000491	0.000384	0.000000	0.000000
480	-0.000468	0.000366	0.000000	0.000000
481	-0.000445	0.000347	0.000000	0.000000
482	-0.000422	0.000329	0.000000	0.000000
483	-0.000398	0.000310	0.000000	0.000000
484	-0.000375	0.000292	0.000000	0.000000
485	-0.000352	0.000273	0.000000	0.000000
486	-0.000329	0.000255	0.000000	0.000000
487	-0.000306	0.000236	0.000000	0.000000
488	-0.000283	0.000218	0.000000	0.000000
489	-0.000259	0.000199	0.000000	0.000000
490	-0.000236	0.000181	0.000000	0.000000
491	-0.000212	0.000163	0.000000	0.000000
492	-0.000189	0.000145	0.000000	0.000000
493	-0.000165	0.000126	0.000000	0.000000
494	-0.000141	0.000108	0.000000	0.000000
495	-0.000118	0.000090	0.000000	0.000000
496	-0.000094	0.000072	0.000000	0.000000
497	-0.000070	0.000054	0.000000	0.000000
498	-0.000046	0.000036	0.000000	0.000000
499	-0.000023	0.000018	0.000000	0.000000
500	-0.000000	-0.000000	0.000000	0.000000
501	-0.000000	-0.000000	0.000000	0.000000
502	-0.000000	-0.000000	0.000000	0.000000
503	-0.000000	-0.000000	0.000000	0.000000
504	-0.000000	-0.000000	0.000000	0.000000
505	-0.000000	-0.000000	0.000000	0.000000
506	-0.000000	-0.000000	0.000000	0.000000
507	-0.000000	-0.000000	0.000000	0.000000
508	-0.000000	-0.000000	0.000000	0.000000
509	-0.000000	-0.000000	0.000000	0.000000
510	-0.000000	-0.000000	0.000000	0.000000
511	-0.000000	-0.000000	0.000000	0.000000
512	-0.000000	-0.000000	0.000000	0.000000
513	-0.000000	-0.000000	0.000000	0.000000
514	-0.000000	-0.000000	0.000000	0.000000
515	-0.000000	-0.000000	0.000000	0.000000
516	-0.000000	-0.000000	0.000000	0.000000
517	-0.000000	-0.000000	0.000000	0.000000
518	-0.000000	-0.000000	0.000000	0.000000
519	-0.000000	-0.000000	0.000000	0.000000
520	-0.000000	-0.000000	0.000000	0.000000
521	-0.000000	-0.000000	0.000000	0.000000
522	-0.000000	-0.000000	0.000000	0.000000
523	-0.000000	-0.000000	0.000000	0.000000
524	-0.000000	-0.000000	0.000000	0.000000
525	-0.000000	-0.000000	0.000000	0.000000
526	-0.000000	-0.000000	0.000000	0.000000
527	-0.000000	-0.000000	0.000000	0.000000
528	-0.000000	-0.000000	0.000000	0.000000
529	-0.000000	-0.000000	0.000000	0.000000
530	-0.000000	-0.000000	0.000000	0.000000
531	-0.000000	-0.000000	0.000000	0.000000
532	-0.000000	-0.000000	0.000000	0.000000
533	-0.000000	-0.000000	0.000000	0.000000
534	-0.000000	-0.000000	0.000000	0.000000
535	-0.000000	-0.000000	0.000000	0.000000
536	-0.000000	-0.000000	0.000000	0.000000
537	-0.000000	-0.000000	0.000000	0.000000
538	-0.000000	-0.000000	0.000000	0.000000
539	-0.000000	-0.000000	0.000000	0.000000
540	-0.000000	-0.000000	0.000000	0.000000
541	-0.000000	-0.000000	0.000000	0.000000
542	-0.000000	-0.000000	0.000000	0.000000
543	-0.000000	-0.000000	0.000000	0.000000
544	-0.000000	-0.000000	0.000000	0.000000
545	-0.000000	-0.000000	0.000000	0.000000
546	-0.000000	-0.000000	0.000000	0.000000
547	-0.000000	-0.000000	0.000000	0.000000
548	-0.000000	-0.000000	0.000000	0.000000
549	-0.000000	-0.000000	0.000000	0.000000
550	-0.000000	-0.000000	0.000000	0.000000
551	-0.000000	-0.000000	0.000000	0.000000
552	-0.000000	-0.000000	0.000000	0.000000
553	-0.000000	-0.000000	0.000000	0.000000
554	-0.000000	-0.000000	0.000000	0.000000
555	-0.000000	-0.000000	0.000000	0.000000
556	-0.000000	-0.000000	0.000000	0.000000
557	-0.000000	-0.000000	0.000000	0.000000
558	-0.000000	-0.000000	0.000000	0.000000
559	-0.000000	-0.000000	0.000000	0.000000
560	-0.000000	-0.000000	0.000000	0.000000
561	-0.000000	-0.000000	0.000000	0.000000
562	-0.000000	-0.000000	0.000000	0.000000
563	-0.000000	-0.000000	0.000000	0.000000
564	-0.000000	-0.000000	0.000000	0.000000
565	-0.000000	-0.000000	0.000000	0.000000
566	-0.000000	-0.000000	0.000000	0.000000
567	-0.000000	-0.000000	0.000000	0.000000
568	-0.000000	-0.000000	0.000000	0.000000
569	-0.000000	-0.000000	0.000000	0.000000
570	-0.000000	-0.000000	0.000000	0.000000
571	-0.000000	-0.000000	0.000000	0.000000
572	-0.000000	-0.000000	0.000000	0.000000
573	-0.000000	-0.000000	0.000000	0.000000
574	-0.000000	-0.000000	0.000000	0.000000
575	-0.000000	-0.000000	0.000000	0.000000
576	-0.000000	-0.000000	0.000000	0.000000
577	-0.000000	-0.000000	0.000000	0.000000
578	-0.000000	-0.000000	0.000000	0.000000
579	-0.000000	-0.000000	0.000000	0.000000
580	-0.000000	-0.000000	0.000000	0.000000
581	-0.000000	-0.000000	0.000000	0.000000
582	-0.000000	-0.000000	0.000000	0.000000
583	-0.000000	-0.000000	0.000000	0.000000
584	-0.000000	-0.000000	0.000000	0.000000
585	-0.000000	-0.000000	0.000000	0.000000
586	-0.000000	-0.000000	0.000000	0.000000
587	-0.000000	-0.000000	0.000000	0.000000
588	-0.000000	-0.000000	0.000000	0.000000
589	-0.000000	-0.000000	0.000000	0.000000
590	-0.000000	-0.000000	0.000000	0.000000
591	-0.000000	-0.000000	0.000000	0.000000
592	-0.000000	-0.000000	0.000000	0.000000
593	-0.000000	-0.000000	0.000000	0.000000
594	-0.000000	-0.000000	0.000000	0.000000
595	-0.000000	-0.000000	0.000000	0.000000
596	-0.000000	-0.000000	0.000000	0.000000
597	-0.000000	-0.000000	0.000000	0.000000
598	-0.000000	-0.000000	0.000000	0.000000
599	-0.000000	-0.000000	0.000000	0.000000