# Turn	Orbit_Min_x	Orbit_Max_x	Orbit_Min_y	Orbit_Max_y
0	-0.000000	0.000000	0.000000	0.000000
1	-0.037751	0.028793	0.000000	0.000000
2	-0.037750	0.028791	0.000000	0.000000
3	-0.037749	0.028789	0.000000	0.000000
4	-0.037748	0.028787	0.000000	0.000000
5	-0.037747	0.028785	0.000000	0.000000
6	-0.037746	0.028783	0.000000	0.000000
7	-0.037745	0.028781	0.000000	0.000000
8	-0.037745	0.028779	0.000000	0.000000
9	-0.037744	0.028777	0.000000	0.000000
10	-0.037743	0.028775	0.000000	0.000000
11	-0.037738	0.028772	0.000000	0.000000
12	-0.037731	0.028768	0.000000	0.000000
13	-0.037725	0.028764	0.000000	0.000000
14	-0.037719	0.028761	0.000000	0.000000
15	-0.037713	0.028757	0.000000	0.000000
16	-0.037706	0.028753	0.000000	0.000000
17	-0.037700	0.028750	0.000000	0.000000
18	-0.037694	0.028746	0.000000	0.000000
19	-0.037688	0.028742	0.000000	0.000000
20	-0.037682	0.028739	0.000000	0.000000
21	-0.037673	0.028732	0.000000	0.000000
22	-0.037664	0.028725	0.000000	0.000000
23	-0.037655	0.028717	0.000000	0.000000
24	-0.037646	0.028710	0.000000	0.000000
25	-0.037637	0.028703	0.000000	0.000000
26	-0.037628	0.028695	0.000000	0.000000
27	-0.037619	0.028688	0.000000	0.000000
28	-0.037610	0.028681	0.000000	0.000000
29	-0.037601	0.028673	0.000000	0.000000
30	-0.037592	0.028666	0.000000	0.000000
31	-0.037579	0.028657	0.000000	0.000000
32	-0.037565	0.028648	0.000000	0.000000
33	-0.037551	0.028639	0.000000	0.000000
34	-0.037536	0.028630	0.000000	0.000000
35	-0.037522	0.028621	0.000000	0.000000
36	-0.037508	0.028612	0.000000	0.000000
37	-0.037494	0.028603	0.000000	0.000000
38	-0.037480	0.028594	0.000000	0.000000
39	-0.037466	0.028585	0.000000	0.000000
40	-0.037452	0.028576	0.000000	0.000000
41	-0.037436	0.028563	0.000000	0.000000
42	-0.037420	0.028550	0.000000	0.000000
43	-0.037405	0.028537	0.000000	0.000000
44	-0.037389	0.028523	0.000000	0.000000
45	-0.037373	0.028510	0.000000	0.000000
46	-0.037357	0.028497	0.000000	0.000000
47	-0.037341	0.028483	0.000000	0.000000
48	-0.037325	0.028470	0.000000	0.000000
49	-0.037309	0.028457	0.000000	0.000000
50	-0.037293	0.028443	0.000000	0.000000
51	-0.037272	0.028430	0.000000	0.000000
52	-0.037249	0.028416	0.000000	0.000000
53	-0.037226	0.028402	0.000000	0.000000
54	-0.037203	0.028389	0.000000	0.000000
55	-0.037181	0.028375	0.000000	0.000000
56	-0.037158	0.028362	0.000000	0.000000
57	-0.037135	0.028348	0.000000	0.000000
58	-0.037112	0.028334	0.000000	0.000000
59	-0.037089	0.028321	0.000000	0.000000
60	-0.037067	0.028307	0.000000	0.000000
61	-0.037043	0.028289	0.000000	0.000000
62	-0.037019	0.028271	0.000000	0.000000
63	-0.036996	0.028252	0.000000	0.000000
64	-0.036972	0.028233	0.000000	0.000000
65	-0.036948	0.028214	0.000000	0.000000
66	-0.036924	0.028196	0.000000	0.000000
67	-0.036901	0.028177	0.000000	0.000000
68	-0.036877	0.028158	0.000000	0.000000
69	-0.036853	0.028139	0.000000	0.000000
70	-0.036830	0.028121	0.000000	0.000000
71	-0.036802	0.028100	0.000000	0.000000
72	-0.036774	0.028080	0.000000	0.000000
73	-0.036745	0.028059	0.000000	0.000000
74	-0.036717	0.028039	0.000000	0.000000
75	-0.036689	0.028018	0.000000	0.000000
76	-0.036661	0.027998	0.000000	0.000000
77	-0.036632	0.027978	0.000000	0.000000
78	-0.036604	0.027957	0.000000	0.000000
79	-0.036576	0.027937	0.000000	0.000000
80	-0.036548	0.027916	0.000000	0.000000
81	-0.036516	0.027893	0.000000	0.000000
82	-0.036484	0.027870	0.000000	0.000000
83	-0.036452	0.027847	0.000000	0.000000
84	-0.036419	0.027824	0.000000	0.000000
85	-0.036387	0.027801	0.000000	0.000000
86	-0.036355	0.027777	0.000000	0.000000
87	-0.036323	0.027754	0.000000	0.000000
88	-0.036291	0.027731	0.000000	0.000000
89	-0.036258	0.027708	0.000000	0.000000
90	-0.036226	0.027685	0.000000	0.000000
91	-0.036192	0.027659	0.000000	0.000000
92	-0.036157	0.027632	0.000000	0.000000
93	-0.036122	0.027606	0.000000	0.000000
94	-0.036087	0.027579	0.000000	0.000000
95	-0.036052	0.027553	0.000000	0.000000
96	-0.036017	0.027527	0.000000	0.000000
97	-0.035982	0.027500	0.000000	0.000000
98	-0.035948	0.027474	0.000000	0.000000
99	-0.035913	0.027447	0.000000	0.000000
100	-0.035878	0.027421	0.000000	0.000000
101	-0.035841	0.027391	0.000000	0.000000
102	-0.035803	0.027361	0.000000	0.000000
103	-0.035765	0.027331	0.000000	0.000000
104	-0.035728	0.027301	0.000000	0.000000
105	-0.035690	0.027271	0.000000	0.000000
106	-0.035652	0.027241	0.000000	0.000000
107	-0.035615	0.027211	0.000000	0.000000
108	-0.035577	0.027181	0.000000	0.000000
109	-0.035539	0.027151	0.000000	0.000000
110	-0.035502	0.027121	0.000000	0.000000
111	-0.035459	0.027090	0.000000	0.000000
112	-0.035416	0.027059	0.000000	0.000000
113	-0.035372	0.027028	0.000000	0.000000
114	-0.035329	0.026997	0.000000	0.000000
115	-0.035286	0.026967	0.000000	0.000000
116	-0.035242	0.026936	0.000000	0.000000
117	-0.035199	0.026905	0.000000	0.000000
118	-0.035156	0.026874	0.000000	0.000000
119	-0.035112	0.026843	0.000000	0.000000
120	-0.035069	0.026812	0.000000	0.000000
121	-0.035024	0.026779	0.000000	0.000000
122	-0.034978	0.026744	0.000000	0.000000
123	-0.034932	0.026710	0.000000	0.000000
124	-0.034885	0.026676	0.000000	0.000000
125	-0.034839	0.026642	0.000000	0.000000
126	-0.034793	0.026608	0.000000	0.000000
127	-0.034747	0.026574	0.000000	0.000000
128	-0.034701	0.026540	0.000000	0.000000
129	-0.034655	0.026506	0.000000	0.000000
130	-0.034609	0.026472	0.000000	0.000000
131	-0.034560	0.026436	0.000000	0.000000
132	-0.034510	0.026399	0.000000	0.000000
133	-0.034460	0.026363	0.000000	0.000000
134	-0.034410	0.026327	0.000000	0.000000
135	-0.034359	0.026291	0.000000	0.000000
136	-0.034309	0.026254	0.000000	0.000000
137	-0.034259	0.026218	0.000000	0.000000
138	-0.034209	0.026182	0.000000	0.000000
139	-0.034159	0.026145	0.000000	0.000000
140	-0.034109	0.026109	0.000000	0.000000
141	-0.034056	0.026071	0.000000	0.000000
142	-0.034003	0.026032	0.000000	0.000000
143	-0.033950	0.025993	0.000000	0.000000
144	-0.033897	0.025954	0.000000	0.000000
145	-0.033844	0.025915	0.000000	0.000000
146	-0.033791	0.025876	0.000000	0.000000
147	-0.033738	0.025837	0.000000	0.000000
148	-0.033685	0.025798	0.000000	0.000000
149	-0.033632	0.025759	0.000000	0.000000
150	-0.033579	0.025720	0.000000	0.000000
151	-0.033525	0.025677	0.000000	0.000000
152	-0.033470	0.025634	0.000000	0.000000
153	-0.033416	0.025591	0.000000	0.000000
154	-0.033361	0.025548	0.000000	0.000000
155	-0.033307	0.025505	0.000000	0.000000
156	-0.033252	0.025461	0.000000	0.000000
157	-0.033198	0.025418	0.000000	0.000000
158	-0.033143	0.025375	0.000000	0.000000
159	-0.033089	0.025332	0.000000	0.000000
160	-0.033034	0.025289	0.000000	0.000000
161	-0.032975	0.025245	0.000000	0.000000
162	-0.032915	0.025201	0.000000	0.000000
163	-0.032855	0.025157	0.000000	0.000000
164	-0.032795	0.025112	0.000000	0.000000
165	-0.032735	0.025068	0.000000	0.000000
166	-0.032676	0.025024	0.000000	0.000000
167	-0.032616	0.024980	0.000000	0.000000
168	-0.032556	0.024936	0.000000	0.000000
169	-0.032496	0.024892	0.000000	0.000000
170	-0.032436	0.024848	0.000000	0.000000
171	-0.032374	0.024801	0.000000	0.000000
172	-0.032313	0.024753	0.000000	0.000000
173	-0.032251	0.024706	0.000000	0.000000
174	-0.032189	0.024658	0.000000	0.000000
175	-0.032128	0.024611	0.000000	0.000000
176	-0.032066	0.024563	0.000000	0.000000
177	-0.032004	0.024516	0.000000	0.000000
178	-0.031943	0.024468	0.000000	0.000000
179	-0.031881	0.024421	0.000000	0.000000
180	-0.031819	0.024373	0.000000	0.000000
181	-0.031753	0.024325	0.000000	0.000000
182	-0.031686	0.024277	0.000000	0.000000
183	-0.031618	0.024229	0.000000	0.000000
184	-0.031551	0.024181	0.000000	0.000000
185	-0.031484	0.024133	0.000000	0.000000
186	-0.031417	0.024085	0.000000	0.000000
187	-0.031350	0.024037	0.000000	0.000000
188	-0.031283	0.023988	0.000000	0.000000
189	-0.031215	0.023940	0.000000	0.000000
190	-0.031148	0.023892	0.000000	0.000000
191	-0.031080	0.023841	0.000000	0.000000
192	-0.031011	0.023790	0.000000	0.000000
193	-0.030942	0.023738	0.000000	0.000000
194	-0.030873	0.023687	0.000000	0.000000
195	-0.030805	0.023635	0.000000	0.000000
196	-0.030736	0.023584	0.000000	0.000000
197	-0.030667	0.023533	0.000000	0.000000
198	-0.030598	0.023481	0.000000	0.000000
199	-0.030530	0.023430	0.000000	0.000000
200	-0.030461	0.023378	0.000000	0.000000
201	-0.030390	0.023324	0.000000	0.000000
202	-0.030318	0.023270	0.000000	0.000000
203	-0.030247	0.023216	0.000000	0.000000
204	-0.030175	0.023161	0.000000	0.000000
205	-0.030104	0.023107	0.000000	0.000000
206	-0.030032	0.023052	0.000000	0.000000
207	-0.029961	0.022998	0.000000	0.000000
208	-0.029889	0.022944	0.000000	0.000000
209	-0.029818	0.022889	0.000000	0.000000
210	-0.029746	0.022835	0.000000	0.000000
211	-0.029672	0.022779	0.000000	0.000000
212	-0.029597	0.022723	0.000000	0.000000
213	-0.029522	0.022667	0.000000	0.000000
214	-0.029447	0.022611	0.000000	0.000000
215	-0.029372	0.022555	0.000000	0.000000
216	-0.029298	0.022499	0.000000	0.000000
217	-0.029223	0.022443	0.000000	0.000000
218	-0.029148	0.022387	0.000000	0.000000
219	-0.029073	0.022331	0.000000	0.000000
220	-0.028999	0.022275	0.000000	0.000000
221	-0.028923	0.022216	0.000000	0.000000
222	-0.028847	0.022156	0.000000	0.000000
223	-0.028771	0.022097	0.000000	0.000000
224	-0.028695	0.022037	0.000000	0.000000
225	-0.028619	0.021977	0.000000	0.000000
226	-0.028543	0.021918	0.000000	0.000000
227	-0.028467	0.021858	0.000000	0.000000
228	-0.028391	0.021798	0.000000	0.000000
229	-0.028315	0.021739	0.000000	0.000000
230	-0.028239	0.021679	0.000000	0.000000
231	-0.028159	0.021619	0.000000	0.000000
232	-0.028078	0.021558	0.000000	0.000000
233	-0.027998	0.021498	0.000000	0.000000
234	-0.027917	0.021437	0.000000	0.000000
235	-0.027837	0.021377	0.000000	0.000000
236	-0.027756	0.021316	0.000000	0.000000
237	-0.027675	0.021256	0.000000	0.000000
238	-0.027595	0.021195	0.000000	0.000000
239	-0.027514	0.021135	0.000000	0.000000
240	-0.027434	0.021074	0.000000	0.000000
241	-0.027350	0.021012	0.000000	0.000000
242	-0.027267	0.020950	0.000000	0.000000
243	-0.027183	0.020888	0.000000	0.000000
244	-0.027100	0.020826	0.000000	0.000000
245	-0.027016	0.020764	0.000000	0.000000
246	-0.026933	0.020701	0.000000	0.000000
247	-0.026849	0.020639	0.000000	0.000000
248	-0.026766	0.020577	0.000000	0.000000
249	-0.026682	0.020515	0.000000	0.000000
250	-0.026599	0.020453	0.000000	0.000000
251	-0.026512	0.020389	0.000000	0.000000
252	-0.026426	0.020325	0.000000	0.000000
253	-0.026339	0.020261	0.000000	0.000000
254	-0.026252	0.020197	0.000000	0.000000
255	-0.026165	0.020134	0.000000	0.000000
256	-0.026079	0.020070	0.000000	0.000000
257	-0.025992	0.020006	0.000000	0.000000
258	-0.025905	0.019942	0.000000	0.000000
259	-0.025818	0.019878	0.000000	0.000000
260	-0.025732	0.019814	0.000000	0.000000
261	-0.025646	0.019746	0.000000	0.000000
262	-0.025560	0.019678	0.000000	0.000000
263	-0.025474	0.019609	0.000000	0.000000
264	-0.025388	0.019541	0.000000	0.000000
265	-0.025303	0.019473	0.000000	0.000000
266	-0.025217	0.019404	0.000000	0.000000
267	-0.025131	0.019336	0.000000	0.000000
268	-0.025045	0.019267	0.000000	0.000000
269	-0.024959	0.019199	0.000000	0.000000
270	-0.024874	0.019130	0.000000	0.000000
271	-0.024781	0.019063	0.000000	0.000000
272	-0.024689	0.018997	0.000000	0.000000
273	-0.024596	0.018930	0.000000	0.000000
274	-0.024503	0.018863	0.000000	0.000000
275	-0.024410	0.018796	0.000000	0.000000
276	-0.024317	0.018729	0.000000	0.000000
277	-0.024224	0.018662	0.000000	0.000000
278	-0.024132	0.018596	0.000000	0.000000
279	-0.024039	0.018529	0.000000	0.000000
280	-0.023946	0.018462	0.000000	0.000000
281	-0.023853	0.018392	0.000000	0.000000
282	-0.023759	0.018322	0.000000	0.000000
283	-0.023666	0.018252	0.000000	0.000000
284	-0.023572	0.018182	0.000000	0.000000
285	-0.023479	0.018112	0.000000	0.000000
286	-0.023386	0.018042	0.000000	0.000000
287	-0.023292	0.017972	0.000000	0.000000
288	-0.023199	0.017902	0.000000	0.000000
289	-0.023105	0.017832	0.000000	0.000000
290	-0.023012	0.017762	0.000000	0.000000
291	-0.022918	0.017689	0.000000	0.000000
292	-0.022824	0.017616	0.000000	0.000000
293	-0.022731	0.017543	0.000000	0.000000
294	-0.022637	0.017470	0.000000	0.000000
295	-0.022543	0.017396	0.000000	0.000000
296	-0.022449	0.017323	0.000000	0.000000
297	-0.022356	0.017250	0.000000	0.000000
298	-0.022262	0.017177	0.000000	0.000000
299	-0.022168	0.017104	0.000000	0.000000
300	-0.022075	0.017031	0.000000	0.000000
301	-0.021976	0.016957	0.000000	0.000000
302	-0.021878	0.016884	0.000000	0.000000
303	-0.021780	0.016811	0.000000	0.000000
304	-0.021682	0.016738	0.000000	0.000000
305	-0.021583	0.016664	0.000000	0.000000
306	-0.021485	0.016591	0.000000	0.000000
307	-0.021387	0.016518	0.000000	0.000000
308	-0.021288	0.016444	0.000000	0.000000
309	-0.021190	0.016371	0.000000	0.000000
310	-0.021092	0.016298	0.000000	0.000000
311	-0.020994	0.016221	0.000000	0.000000
312	-0.020897	0.016144	0.000000	0.000000
313	-0.020800	0.016067	0.000000	0.000000
314	-0.020702	0.015990	0.000000	0.000000
315	-0.020605	0.015913	0.000000	0.000000
316	-0.020507	0.015836	0.000000	0.000000
317	-0.020410	0.015759	0.000000	0.000000
318	-0.020313	0.015682	0.000000	0.000000
319	-0.020215	0.015605	0.000000	0.000000
320	-0.020118	0.015529	0.000000	0.000000
321	-0.020016	0.015452	0.000000	0.000000
322	-0.019914	0.015375	0.000000	0.000000
323	-0.019812	0.015299	0.000000	0.000000
324	-0.019711	0.015222	0.000000	0.000000
325	-0.019609	0.015145	0.000000	0.000000
326	-0.019507	0.015069	0.000000	0.000000
327	-0.019405	0.014992	0.000000	0.000000
328	-0.019303	0.014915	0.000000	0.000000
329	-0.019201	0.014838	0.000000	0.000000
330	-0.019099	0.014762	0.000000	0.000000
331	-0.018997	0.014683	0.000000	0.000000
332	-0.018894	0.014604	0.000000	0.000000
333	-0.018791	0.014526	0.000000	0.000000
334	-0.018688	0.014447	0.000000	0.000000
335	-0.018585	0.014368	0.000000	0.000000
336	-0.018482	0.014289	0.000000	0.000000
337	-0.018380	0.014210	0.000000	0.000000
338	-0.018277	0.014131	0.000000	0.000000
339	-0.018174	0.014053	0.000000	0.000000
340	-0.018071	0.013974	0.000000	0.000000
341	-0.017967	0.013894	0.000000	0.000000
342	-0.017862	0.013814	0.000000	0.000000
343	-0.017757	0.013733	0.000000	0.000000
344	-0.017653	0.013653	0.000000	0.000000
345	-0.017548	0.013573	0.000000	0.000000
346	-0.017444	0.013493	0.000000	0.000000
347	-0.017339	0.013413	0.000000	0.000000
348	-0.017234	0.013333	0.000000	0.000000
349	-0.017130	0.013253	0.000000	0.000000
350	-0.017025	0.013172	0.000000	0.000000
351	-0.016918	0.013091	0.000000	0.000000
352	-0.016812	0.013010	0.000000	0.000000
353	-0.016705	0.012929	0.000000	0.000000
354	-0.016598	0.012848	0.000000	0.000000
355	-0.016491	0.012767	0.000000	0.000000
356	-0.016385	0.012686	0.000000	0.000000
357	-0.016278	0.012605	0.000000	0.000000
358	-0.016171	0.012524	0.000000	0.000000
359	-0.016064	0.012442	0.000000	0.000000
360	-0.015958	0.012361	0.000000	0.000000
361	-0.015852	0.012277	0.000000	0.000000
362	-0.015746	0.012193	0.000000	0.000000
363	-0.015640	0.012108	0.000000	0.000000
364	-0.015535	0.012024	0.000000	0.000000
365	-0.015429	0.011940	0.000000	0.000000
366	-0.015323	0.011855	0.000000	0.000000
367	-0.015217	0.011771	0.000000	0.000000
368	-0.015111	0.011687	0.000000	0.000000
369	-0.015006	0.011602	0.000000	0.000000
370	-0.014900	0.011518	0.000000	0.000000
371	-0.014788	0.011436	0.000000	0.000000
372	-0.014676	0.011355	0.000000	0.000000
373	-0.014564	0.011273	0.000000	0.000000
374	-0.014451	0.011192	0.000000	0.000000
375	-0.014339	0.011110	0.000000	0.000000
376	-0.014227	0.011028	0.000000	0.000000
377	-0.014115	0.010947	0.000000	0.000000
378	-0.014003	0.010865	0.000000	0.000000
379	-0.013891	0.010784	0.000000	0.000000
380	-0.013779	0.010702	0.000000	0.000000
381	-0.013668	0.010617	0.000000	0.000000
382	-0.013558	0.010532	0.000000	0.000000
383	-0.013448	0.010446	0.000000	0.000000
384	-0.013337	0.010361	0.000000	0.000000
385	-0.013227	0.010276	0.000000	0.000000
386	-0.013117	0.010191	0.000000	0.000000
387	-0.013007	0.010105	0.000000	0.000000
388	-0.012896	0.010020	0.000000	0.000000
389	-0.012786	0.009935	0.000000	0.000000
390	-0.012676	0.009850	0.000000	0.000000
391	-0.012565	0.009763	0.000000	0.000000
392	-0.012454	0.009676	0.000000	0.000000
393	-0.012343	0.009589	0.000000	0.000000
394	-0.012233	0.009502	0.000000	0.000000
395	-0.012122	0.009415	0.000000	0.000000
396	-0.012011	0.009329	0.000000	0.000000
397	-0.011900	0.009242	0.000000	0.000000
398	-0.011789	0.009155	0.000000	0.000000
399	-0.011678	0.009068	0.000000	0.000000
400	-0.011567	0.008981	0.000000	0.000000
401	-0.011454	0.008894	0.000000	0.000000
402	-0.011341	0.008808	0.000000	0.000000
403	-0.011228	0.008721	0.000000	0.000000
404	-0.011115	0.008634	0.000000	0.000000
405	-0.011002	0.008547	0.000000	0.000000
406	-0.010889	0.008460	0.000000	0.000000
407	-0.010776	0.008373	0.000000	0.000000
408	-0.010663	0.008286	0.000000	0.000000
409	-0.010550	0.008199	0.000000	0.000000
410	-0.010436	0.008113	0.000000	0.000000
411	-0.010322	0.008025	0.000000	0.000000
412	-0.010208	0.007937	0.000000	0.000000
413	-0.010094	0.007850	0.000000	0.000000
414	-0.009980	0.007762	0.000000	0.000000
415	-0.009866	0.007675	0.000000	0.000000
416	-0.009752	0.007587	0.000000	0.000000
417	-0.009638	0.007499	0.000000	0.000000
418	-0.009524	0.007412	0.000000	0.000000
419	-0.009410	0.007324	0.000000	0.000000
420	-0.009296	0.007236	0.000000	0.000000
421	-0.009182	0.007147	0.000000	0.000000
422	-0.009068	0.007058	0.000000	0.000000
423	-0.008955	0.006969	0.000000	0.000000
424	-0.008841	0.006880	0.000000	0.000000
425	-0.008727	0.006790	0.000000	0.000000
426	-0.008614	0.006701	0.000000	0.000000
427	-0.008500	0.006612	0.000000	0.000000
428	-0.008386	0.006523	0.000000	0.000000
429	-0.008273	0.006433	0.000000	0.000000
430	-0.008159	0.006344	0.000000	0.000000
431	-0.008045	0.006254	0.000000	0.000000
432	-0.007930	0.006164	0.000000	0.000000
433	-0.007815	0.006074	0.000000	0.000000
434	-0.007701	0.005984	0.000000	0.000000
435	-0.007586	0.005894	0.000000	0.000000
436	-0.007471	0.005804	0.000000	0.000000
437	-0.007357	0.005714	0.000000	0.000000
438	-0.007242	0.005624	0.000000	0.000000
439	-0.007128	0.005534	0.000000	0.000000
440	-0.007013	0.005444	0.000000	0.000000
441	-0.006896	0.005355	0.000000	0.000000
442	-0.006779	0.005266	0.000000	0.000000
443	-0.006662	0.005177	0.000000	0.000000
444	-0.006545	0.005088	0.000000	0.000000
445	-0.006428	0.004999	0.000000	0.000000
446	-0.006311	0.004910	0.000000	0.000000
447	-0.006194	0.004821	0.000000	0.000000
448	-0.006077	0.004732	0.000000	0.000000
449	-0.005960	0.004643	0.000000	0.000000
450	-0.005843	0.004554	0.000000	0.000000
451	-0.005726	0.004464	0.000000	0.000000
452	-0.005610	0.004374	0.000000	0.000000
453	-0.005493	0.004284	0.000000	0.000000
454	-0.005376	0.004194	0.000000	0.000000
455	-0.005259	0.004104	0.000000	0.000000
456	-0.005143	0.004014	0.000000	0.000000
457	-0.005026	0.003924	0.000000	0.000000
458	-0.004909	0.003834	0.000000	0.000000
459	-0.004792	0.003743	0.000000	0.000000
460	-0.004676	0.003653	0.000000	0.000000
461	-0.004559	0.003562	0.000000	0.000000
462	-0.004443	0.003471	0.000000	0.000000
463	-0.004327	0.003380	0.000000	0.000000
464	-0.004211	0.003288	0.000000	0.000000
465	-0.004094	0.003197	0.000000	0.000000
466	-0.003978	0.003106	0.000000	0.000000
467	-0.003862	0.003015	0.000000	0.000000
468	-0.003746	0.002923	0.000000	0.000000
469	-0.003629	0.002832	0.000000	0.000000
470	-0.003513	0.002741	0.000000	0.000000
471	-0.003396	0.002650	0.000000	0.000000
472	-0.003279	0.002558	0.000000	0.000000
473	-0.003161	0.002467	0.000000	0.000000
474	-0.003044	0.002376	0.000000	0.000000
475	-0.002927	0.002284	0.000000	0.000000
476	-0.002810	0.002193	0.000000	0.000000
477	-0.002693	0.002102	0.000000	0.000000
478	-0.002575	0.002010	0.000000	0.000000
479	-0.002458	0.001919	0.000000	0.000000
480	-0.002341	0.001827	0.000000	0.000000
481	-0.002225	0.001735	0.000000	0.000000
482	-0.002109	0.001643	0.000000	0.000000
483	-0.001993	0.001550	0.000000	0.000000
484	-0.001877	0.001458	0.000000	0.000000
485	-0.001761	0.001366	0.000000	0.000000
486	-0.001645	0.001273	0.000000	0.000000
487	-0.001529	0.001181	0.000000	0.000000
488	-0.001413	0.001088	0.000000	0.000000
489	-0.001297	0.000996	0.000000	0.000000
490	-0.001181	0.000904	0.000000	0.000000
491	-0.001063	0.000813	0.000000	0.000000
492	-0.000944	0.000723	0.000000	0.000000
493	-0.000825	0.000632	0.000000	0.000000
494	-0.000707	0.000542	0.000000	0.000000
495	-0.000588	0.000451	0.000000	0.000000
496	-0.000469	0.000360	0.000000	0.000000
497	-0.000351	0.000270	0.000000	0.000000
498	-0.000232	0.000179	0.000000	0.000000
499	-0.000114	0.000089	0.000000	0.000000
500	-0.000000	-0.000000	0.000000	0.000000
501	-0.000000	-0.000000	0.000000	0.000000
502	-0.000000	-0.000000	0.000000	0.000000
503	-0.000000	-0.000000	0.000000	0.000000
504	-0.000000	-0.000000	0.000000	0.000000
505	-0.000000	-0.000000	0.000000	0.000000
506	-0.000000	-0.000000	0.000000	0.000000
507	-0.000000	-0.000000	0.000000	0.000000
508	-0.000000	-0.000000	0.000000	0.000000
509	-0.000000	-0.000000	0.000000	0.000000
510	-0.000000	-0.000000	0.000000	0.000000
511	-0.000000	-0.000000	0.000000	0.000000
512	-0.000000	-0.000000	0.000000	0.000000
513	-0.000000	-0.000000	0.000000	0.000000
514	-0.000000	-0.000000	0.000000	0.000000
515	-0.000000	-0.000000	0.000000	0.000000
516	-0.000000	-0.000000	0.000000	0.000000
517	-0.000000	-0.000000	0.000000	0.000000
518	-0.000000	-0.000000	0.000000	0.000000
519	-0.000000	-0.000000	0.000000	0.000000
520	-0.000000	-0.000000	0.000000	0.000000
521	-0.000000	-0.000000	0.000000	0.000000
522	-0.000000	-0.000000	0.000000	0.000000
523	-0.000000	-0.000000	0.000000	0.000000
524	-0.000000	-0.000000	0.000000	0.000000
525	-0.000000	-0.000000	0.000000	0.000000
526	-0.000000	-0.000000	0.000000	0.000000
527	-0.000000	-0.000000	0.000000	0.000000
528	-0.000000	-0.000000	0.000000	0.000000
529	-0.000000	-0.000000	0.000000	0.000000
530	-0.000000	-0.000000	0.000000	0.000000
531	-0.000000	-0.000000	0.000000	0.000000
532	-0.000000	-0.000000	0.000000	0.000000
533	-0.000000	-0.000000	0.000000	0.000000
534	-0.000000	-0.000000	0.000000	0.000000
535	-0.000000	-0.000000	0.000000	0.000000
536	-0.000000	-0.000000	0.000000	0.000000
537	-0.000000	-0.000000	0.000000	0.000000
538	-0.000000	-0.000000	0.000000	0.000000
539	-0.000000	-0.000000	0.000000	0.000000
540	-0.000000	-0.000000	0.000000	0.000000
541	-0.000000	-0.000000	0.000000	0.000000
542	-0.000000	-0.000000	0.000000	0.000000
543	-0.000000	-0.000000	0.000000	0.000000
544	-0.000000	-0.000000	0.000000	0.000000
545	-0.000000	-0.000000	0.000000	0.000000
546	-0.000000	-0.000000	0.000000	0.000000
547	-0.000000	-0.000000	0.000000	0.000000
548	-0.000000	-0.000000	0.000000	0.000000
549	-0.000000	-0.000000	0.000000	0.000000
550	-0.000000	-0.000000	0.000000	0.000000
551	-0.000000	-0.000000	0.000000	0.000000
552	-0.000000	-0.000000	0.000000	0.000000
553	-0.000000	-0.000000	0.000000	0.000000
554	-0.000000	-0.000000	0.000000	0.000000
555	-0.000000	-0.000000	0.000000	0.000000
556	-0.000000	-0.000000	0.000000	0.000000
557	-0.000000	-0.000000	0.000000	0.000000
558	-0.000000	-0.000000	0.000000	0.000000
559	-0.000000	-0.000000	0.000000	0.000000
560	-0.000000	-0.000000	0.000000	0.000000
561	-0.000000	-0.000000	0.000000	0.000000
562	-0.000000	-0.000000	0.000000	0.000000
563	-0.000000	-0.000000	0.000000	0.000000
564	-0.000000	-0.000000	0.000000	0.000000
565	-0.000000	-0.000000	0.000000	0.000000
566	-0.000000	-0.000000	0.000000	0.000000
567	-0.000000	-0.000000	0.000000	0.000000
568	-0.000000	-0.000000	0.000000	0.000000
569	-0.000000	-0.000000	0.000000	0.000000
570	-0.000000	-0.000000	0.000000	0.000000
571	-0.000000	-0.000000	0.000000	0.000000
572	-0.000000	-0.000000	0.000000	0.000000
573	-0.000000	-0.000000	0.000000	0.000000
574	-0.000000	-0.000000	0.000000	0.000000
575	-0.000000	-0.000000	0.000000	0.000000
576	-0.000000	-0.000000	0.000000	0.000000
577	-0.000000	-0.000000	0.000000	0.000000
578	-0.000000	-0.000000	0.000000	0.000000
579	-0.000000	-0.000000	0.000000	0.000000
580	-0.000000	-0.000000	0.000000	0.000000
581	-0.000000	-0.000000	0.000000	0.000000
582	-0.000000	-0.000000	0.000000	0.000000
583	-0.000000	-0.000000	0.000000	0.000000
584	-0.000000	-0.000000	0.000000	0.000000
585	-0.000000	-0.000000	0.000000	0.000000
586	-0.000000	-0.000000	0.000000	0.000000
587	-0.000000	-0.000000	0.000000	0.000000
588	-0.000000	-0.000000	0.000000	0.000000
589	-0.000000	-0.000000	0.000000	0.000000
590	-0.000000	-0.000000	0.000000	0.000000
591	-0.000000	-0.000000	0.000000	0.000000
592	-0.000000	-0.000000	0.000000	0.000000
593	-0.000000	-0.000000	0.000000	0.000000
594	-0.000000	-0.000000	0.000000	0.000000
595	-0.000000	-0.000000	0.000000	0.000000
596	-0.000000	-0.000000	0.000000	0.000000
597	-0.000000	-0.000000	0.000000	0.000000
598	-0.000000	-0.000000	0.000000	0.000000
599	-0.000000	-0.000000	0.000000	0.000000