# Turn	Orbit_Min_x	Orbit_Max_x	Orbit_Min_y	Orbit_Max_y
0	-0.000000	0.000000	0.000000	0.000000
1	-0.019359	0.018578	0.000000	0.000000
2	-0.019358	0.018577	0.000000	0.000000
3	-0.019357	0.018575	0.000000	0.000000
4	-0.019356	0.018574	0.000000	0.000000
5	-0.019355	0.018573	0.000000	0.000000
6	-0.019354	0.018572	0.000000	0.000000
7	-0.019353	0.018571	0.000000	0.000000
8	-0.019352	0.018570	0.000000	0.000000
9	-0.019351	0.018569	0.000000	0.000000
10	-0.019350	0.018568	0.000000	0.000000
11	-0.019348	0.018567	0.000000	0.000000
12	-0.019346	0.018564	0.000000	0.000000
13	-0.019343	0.018562	0.000000	0.000000
14	-0.019341	0.018560	0.000000	0.000000
15	-0.019339	0.018558	0.000000	0.000000
16	-0.019337	0.018556	0.000000	0.000000
17	-0.019335	0.018554	0.000000	0.000000
18	-0.019333	0.018552	0.000000	0.000000
19	-0.019330	0.018550	0.000000	0.000000
20	-0.019328	0.018548	0.000000	0.000000
21	-0.019325	0.018545	0.000000	0.000000
22	-0.019319	0.018539	0.000000	0.000000
23	-0.019314	0.018534	0.000000	0.000000
24	-0.019309	0.018529	0.000000	0.000000
25	-0.019303	0.018524	0.000000	0.000000
26	-0.019298	0.018519	0.000000	0.000000
27	-0.019292	0.018513	0.000000	0.000000
28	-0.019287	0.018508	0.000000	0.000000
29	-0.019281	0.018503	0.000000	0.000000
30	-0.019276	0.018498	0.000000	0.000000
31	-0.019270	0.018492	0.000000	0.000000
32	-0.019264	0.018486	0.000000	0.000000
33	-0.019257	0.018480	0.000000	0.000000
34	-0.019251	0.018474	0.000000	0.000000
35	-0.019244	0.018468	0.000000	0.000000
36	-0.019238	0.018461	0.000000	0.000000
37	-0.019231	0.018455	0.000000	0.000000
38	-0.019225	0.018449	0.000000	0.000000
39	-0.019218	0.018443	0.000000	0.000000
40	-0.019212	0.018436	0.000000	0.000000
41	-0.019205	0.018430	0.000000	0.000000
42	-0.019198	0.018423	0.000000	0.000000
43	-0.019190	0.018416	0.000000	0.000000
44	-0.019182	0.018408	0.000000	0.000000
45	-0.019175	0.018401	0.000000	0.000000
46	-0.019167	0.018394	0.000000	0.000000
47	-0.019160	0.018386	0.000000	0.000000
48	-0.019152	0.018379	0.000000	0.000000
49	-0.019144	0.018372	0.000000	0.000000
50	-0.019137	0.018365	0.000000	0.000000
51	-0.019129	0.018357	0.000000	0.000000
52	-0.019119	0.018348	0.000000	0.000000
53	-0.019108	0.018337	0.000000	0.000000
54	-0.019097	0.018327	0.000000	0.000000
55	-0.019086	0.018317	0.000000	0.000000
56	-0.019076	0.018306	0.000000	0.000000
57	-0.019065	0.018296	0.000000	0.000000
58	-0.019054	0.018285	0.000000	0.000000
59	-0.019043	0.018275	0.000000	0.000000
60	-0.019032	0.018265	0.000000	0.000000
61	-0.019021	0.018254	0.000000	0.000000
62	-0.019010	0.018243	0.000000	0.000000
63	-0.018998	0.018232	0.000000	0.000000
64	-0.018986	0.018220	0.000000	0.000000
65	-0.018974	0.018209	0.000000	0.000000
66	-0.018962	0.018197	0.000000	0.000000
67	-0.018950	0.018186	0.000000	0.000000
68	-0.018938	0.018175	0.000000	0.000000
69	-0.018926	0.018163	0.000000	0.000000
70	-0.018914	0.018152	0.000000	0.000000
71	-0.018902	0.018140	0.000000	0.000000
72	-0.018889	0.018128	0.000000	0.000000
73	-0.018875	0.018115	0.000000	0.000000
74	-0.018861	0.018101	0.000000	0.000000
75	-0.018847	0.018088	0.000000	0.000000
76	-0.018833	0.018074	0.000000	0.000000
77	-0.018819	0.018061	0.000000	0.000000
78	-0.018805	0.018047	0.000000	0.000000
79	-0.018791	0.018034	0.000000	0.000000
80	-0.018776	0.018020	0.000000	0.000000
81	-0.018762	0.018006	0.000000	0.000000
82	-0.018748	0.017993	0.000000	0.000000
83	-0.018733	0.017978	0.000000	0.000000
84	-0.018718	0.017964	0.000000	0.000000
85	-0.018702	0.017949	0.000000	0.000000
86	-0.018687	0.017935	0.000000	0.000000
87	-0.018672	0.017920	0.000000	0.000000
88	-0.018657	0.017906	0.000000	0.000000
89	-0.018642	0.017891	0.000000	0.000000
90	-0.018626	0.017876	0.000000	0.000000
91	-0.018611	0.017862	0.000000	0.000000
92	-0.018596	0.017847	0.000000	0.000000
93	-0.018578	0.017830	0.000000	0.000000
94	-0.018559	0.017812	0.000000	0.000000
95	-0.018541	0.017794	0.000000	0.000000
96	-0.018522	0.017777	0.000000	0.000000
97	-0.018504	0.017759	0.000000	0.000000
98	-0.018485	0.017741	0.000000	0.000000
99	-0.018467	0.017724	0.000000	0.000000
100	-0.018448	0.017706	0.000000	0.000000
101	-0.018430	0.017688	0.000000	0.000000
102	-0.018411	0.017671	0.000000	0.000000
103	-0.018393	0.017653	0.000000	0.000000
104	-0.018374	0.017635	0.000000	0.000000
105	-0.018356	0.017618	0.000000	0.000000
106	-0.018337	0.017600	0.000000	0.000000
107	-0.018319	0.017582	0.000000	0.000000
108	-0.018301	0.017565	0.000000	0.000000
109	-0.018282	0.017547	0.000000	0.000000
110	-0.018264	0.017529	0.000000	0.000000
111	-0.018245	0.017512	0.000000	0.000000
112	-0.018227	0.017494	0.000000	0.000000
113	-0.018206	0.017474	0.000000	0.000000
114	-0.018185	0.017454	0.000000	0.000000
115	-0.018163	0.017433	0.000000	0.000000
116	-0.018141	0.017412	0.000000	0.000000
117	-0.018119	0.017391	0.000000	0.000000
118	-0.018098	0.017371	0.000000	0.000000
119	-0.018076	0.017350	0.000000	0.000000
120	-0.018054	0.017329	0.000000	0.000000
121	-0.018032	0.017308	0.000000	0.000000
122	-0.018011	0.017287	0.000000	0.000000
123	-0.017989	0.017266	0.000000	0.000000
124	-0.017966	0.017244	0.000000	0.000000
125	-0.017943	0.017223	0.000000	0.000000
126	-0.017920	0.017201	0.000000	0.000000
127	-0.017897	0.017179	0.000000	0.000000
128	-0.017875	0.017157	0.000000	0.000000
129	-0.017852	0.017135	0.000000	0.000000
130	-0.017829	0.017113	0.000000	0.000000
131	-0.017806	0.017092	0.000000	0.000000
132	-0.017783	0.017070	0.000000	0.000000
133	-0.017760	0.017048	0.000000	0.000000
134	-0.017736	0.017025	0.000000	0.000000
135	-0.017712	0.017002	0.000000	0.000000
136	-0.017689	0.016979	0.000000	0.000000
137	-0.017665	0.016956	0.000000	0.000000
138	-0.017641	0.016933	0.000000	0.000000
139	-0.017617	0.016910	0.000000	0.000000
140	-0.017593	0.016888	0.000000	0.000000
141	-0.017569	0.016865	0.000000	0.000000
142	-0.017545	0.016842	0.000000	0.000000
143	-0.017521	0.016819	0.000000	0.000000
144	-0.017494	0.016793	0.000000	0.000000
145	-0.017467	0.016767	0.000000	0.000000
146	-0.017440	0.016741	0.000000	0.000000
147	-0.017413	0.016715	0.000000	0.000000
148	-0.017385	0.016689	0.000000	0.000000
149	-0.017358	0.016663	0.000000	0.000000
150	-0.017331	0.016637	0.000000	0.000000
151	-0.017304	0.016611	0.000000	0.000000
152	-0.017277	0.016585	0.000000	0.000000
153	-0.017250	0.016559	0.000000	0.000000
154	-0.017222	0.016533	0.000000	0.000000
155	-0.017195	0.016507	0.000000	0.000000
156	-0.017168	0.016481	0.000000	0.000000
157	-0.017141	0.016455	0.000000	0.000000
158	-0.017114	0.016429	0.000000	0.000000
159	-0.017087	0.016403	0.000000	0.000000
160	-0.017060	0.016377	0.000000	0.000000
161	-0.017032	0.016351	0.000000	0.000000
162	-0.017005	0.016325	0.000000	0.000000
163	-0.016978	0.016299	0.000000	0.000000
164	-0.016949	0.016271	0.000000	0.000000
165	-0.016919	0.016242	0.000000	0.000000
166	-0.016888	0.016213	0.000000	0.000000
167	-0.016858	0.016184	0.000000	0.000000
168	-0.016827	0.016155	0.000000	0.000000
169	-0.016797	0.016126	0.000000	0.000000
170	-0.016766	0.016096	0.000000	0.000000
171	-0.016736	0.016067	0.000000	0.000000
172	-0.016706	0.016038	0.000000	0.000000
173	-0.016675	0.016009	0.000000	0.000000
174	-0.016645	0.015980	0.000000	0.000000
175	-0.016614	0.015951	0.000000	0.000000
176	-0.016584	0.015922	0.000000	0.000000
177	-0.016553	0.015893	0.000000	0.000000
178	-0.016523	0.015863	0.000000	0.000000
179	-0.016493	0.015834	0.000000	0.000000
180	-0.016462	0.015805	0.000000	0.000000
181	-0.016432	0.015776	0.000000	0.000000
182	-0.016401	0.015747	0.000000	0.000000
183	-0.016371	0.015718	0.000000	0.000000
184	-0.016340	0.015688	0.000000	0.000000
185	-0.016307	0.015657	0.000000	0.000000
186	-0.016275	0.015626	0.000000	0.000000
187	-0.016242	0.015595	0.000000	0.000000
188	-0.016210	0.015563	0.000000	0.000000
189	-0.016177	0.015532	0.000000	0.000000
190	-0.016145	0.015501	0.000000	0.000000
191	-0.016112	0.015470	0.000000	0.000000
192	-0.016079	0.015439	0.000000	0.000000
193	-0.016047	0.015407	0.000000	0.000000
194	-0.016014	0.015376	0.000000	0.000000
195	-0.015979	0.015343	0.000000	0.000000
196	-0.015945	0.015310	0.000000	0.000000
197	-0.015910	0.015276	0.000000	0.000000
198	-0.015875	0.015243	0.000000	0.000000
199	-0.015840	0.015210	0.000000	0.000000
200	-0.015806	0.015176	0.000000	0.000000
201	-0.015771	0.015143	0.000000	0.000000
202	-0.015736	0.015110	0.000000	0.000000
203	-0.015701	0.015077	0.000000	0.000000
204	-0.015666	0.015043	0.000000	0.000000
205	-0.015631	0.015009	0.000000	0.000000
206	-0.015595	0.014975	0.000000	0.000000
207	-0.015559	0.014940	0.000000	0.000000
208	-0.015523	0.014906	0.000000	0.000000
209	-0.015487	0.014872	0.000000	0.000000
210	-0.015452	0.014837	0.000000	0.000000
211	-0.015416	0.014803	0.000000	0.000000
212	-0.015380	0.014769	0.000000	0.000000
213	-0.015344	0.014734	0.000000	0.000000
214	-0.015308	0.014700	0.000000	0.000000
215	-0.015272	0.014665	0.000000	0.000000
216	-0.015235	0.014630	0.000000	0.000000
217	-0.015198	0.014594	0.000000	0.000000
218	-0.015161	0.014559	0.000000	0.000000
219	-0.015124	0.014523	0.000000	0.000000
220	-0.015087	0.014488	0.000000	0.000000
221	-0.015050	0.014453	0.000000	0.000000
222	-0.015013	0.014417	0.000000	0.000000
223	-0.014976	0.014382	0.000000	0.000000
224	-0.014939	0.014347	0.000000	0.000000
225	-0.014901	0.014310	0.000000	0.000000
226	-0.014862	0.014273	0.000000	0.000000
227	-0.014823	0.014235	0.000000	0.000000
228	-0.014784	0.014198	0.000000	0.000000
229	-0.014745	0.014160	0.000000	0.000000
230	-0.014706	0.014123	0.000000	0.000000
231	-0.014667	0.014085	0.000000	0.000000
232	-0.014627	0.014048	0.000000	0.000000
233	-0.014588	0.014011	0.000000	0.000000
234	-0.014549	0.013973	0.000000	0.000000
235	-0.014510	0.013935	0.000000	0.000000
236	-0.014470	0.013897	0.000000	0.000000
237	-0.014429	0.013858	0.000000	0.000000
238	-0.014389	0.013820	0.000000	0.000000
239	-0.014349	0.013781	0.000000	0.000000
240	-0.014309	0.013743	0.000000	0.000000
241	-0.014269	0.013704	0.000000	0.000000
242	-0.014228	0.013666	0.000000	0.000000
243	-0.014188	0.013627	0.000000	0.000000
244	-0.014148	0.013589	0.000000	0.000000
245	-0.014108	0.013550	0.000000	0.000000
246	-0.014067	0.013511	0.000000	0.000000
247	-0.014025	0.013471	0.000000	0.000000
248	-0.013984	0.013431	0.000000	0.000000
249	-0.013943	0.013392	0.000000	0.000000
250	-0.013901	0.013352	0.000000	0.000000
251	-0.013860	0.013313	0.000000	0.000000
252	-0.013819	0.013273	0.000000	0.000000
253	-0.013777	0.013234	0.000000	0.000000
254	-0.013736	0.013194	0.000000	0.000000
255	-0.013695	0.013155	0.000000	0.000000
256	-0.013652	0.013113	0.000000	0.000000
257	-0.013608	0.013072	0.000000	0.000000
258	-0.013565	0.013030	0.000000	0.000000
259	-0.013521	0.012988	0.000000	0.000000
260	-0.013478	0.012947	0.000000	0.000000
261	-0.013435	0.012905	0.000000	0.000000
262	-0.013391	0.012863	0.000000	0.000000
263	-0.013348	0.012822	0.000000	0.000000
264	-0.013304	0.012780	0.000000	0.000000
265	-0.013261	0.012738	0.000000	0.000000
266	-0.013217	0.012697	0.000000	0.000000
267	-0.013174	0.012655	0.000000	0.000000
268	-0.013130	0.012613	0.000000	0.000000
269	-0.013087	0.012572	0.000000	0.000000
270	-0.013043	0.012530	0.000000	0.000000
271	-0.013000	0.012488	0.000000	0.000000
272	-0.012956	0.012447	0.000000	0.000000
273	-0.012913	0.012405	0.000000	0.000000
274	-0.012870	0.012363	0.000000	0.000000
275	-0.012826	0.012322	0.000000	0.000000
276	-0.012782	0.012279	0.000000	0.000000
277	-0.012736	0.012236	0.000000	0.000000
278	-0.012690	0.012192	0.000000	0.000000
279	-0.012645	0.012148	0.000000	0.000000
280	-0.012599	0.012104	0.000000	0.000000
281	-0.012554	0.012061	0.000000	0.000000
282	-0.012508	0.012017	0.000000	0.000000
283	-0.012462	0.011973	0.000000	0.000000
284	-0.012417	0.011929	0.000000	0.000000
285	-0.012371	0.011886	0.000000	0.000000
286	-0.012325	0.011842	0.000000	0.000000
287	-0.012278	0.011797	0.000000	0.000000
288	-0.012232	0.011752	0.000000	0.000000
289	-0.012185	0.011707	0.000000	0.000000
290	-0.012138	0.011662	0.000000	0.000000
291	-0.012092	0.011618	0.000000	0.000000
292	-0.012045	0.011573	0.000000	0.000000
293	-0.011998	0.011528	0.000000	0.000000
294	-0.011951	0.011483	0.000000	0.000000
295	-0.011905	0.011438	0.000000	0.000000
296	-0.011858	0.011394	0.000000	0.000000
297	-0.011810	0.011348	0.000000	0.000000
298	-0.011762	0.011302	0.000000	0.000000
299	-0.011715	0.011256	0.000000	0.000000
300	-0.011667	0.011210	0.000000	0.000000
301	-0.011619	0.011164	0.000000	0.000000
302	-0.011571	0.011119	0.000000	0.000000
303	-0.011523	0.011073	0.000000	0.000000
304	-0.011476	0.011027	0.000000	0.000000
305	-0.011428	0.010981	0.000000	0.000000
306	-0.011380	0.010935	0.000000	0.000000
307	-0.011331	0.010888	0.000000	0.000000
308	-0.011282	0.010842	0.000000	0.000000
309	-0.011233	0.010795	0.000000	0.000000
310	-0.011185	0.010748	0.000000	0.000000
311	-0.011136	0.010701	0.000000	0.000000
312	-0.011087	0.010654	0.000000	0.000000
313	-0.011038	0.010607	0.000000	0.000000
314	-0.010989	0.010560	0.000000	0.000000
315	-0.010940	0.010513	0.000000	0.000000
316	-0.010891	0.010466	0.000000	0.000000
317	-0.010842	0.010419	0.000000	0.000000
318	-0.010792	0.010371	0.000000	0.000000
319	-0.010742	0.010323	0.000000	0.000000
320	-0.010692	0.010275	0.000000	0.000000
321	-0.010642	0.010227	0.000000	0.000000
322	-0.010592	0.010179	0.000000	0.000000
323	-0.010542	0.010131	0.000000	0.000000
324	-0.010492	0.010083	0.000000	0.000000
325	-0.010442	0.010035	0.000000	0.000000
326	-0.010392	0.009988	0.000000	0.000000
327	-0.010342	0.009939	0.000000	0.000000
328	-0.010291	0.009890	0.000000	0.000000
329	-0.010240	0.009841	0.000000	0.000000
330	-0.010188	0.009792	0.000000	0.000000
331	-0.010137	0.009743	0.000000	0.000000
332	-0.010086	0.009694	0.000000	0.000000
333	-0.010035	0.009645	0.000000	0.000000
334	-0.009984	0.009596	0.000000	0.000000
335	-0.009933	0.009547	0.000000	0.000000
336	-0.009882	0.009498	0.000000	0.000000
337	-0.009831	0.009449	0.000000	0.000000
338	-0.009780	0.009400	0.000000	0.000000
339	-0.009729	0.009351	0.000000	0.000000
340	-0.009678	0.009302	0.000000	0.000000
341	-0.009627	0.009253	0.000000	0.000000
342	-0.009576	0.009204	0.000000	0.000000
343	-0.009525	0.009155	0.000000	0.000000
344	-0.009474	0.009106	0.000000	0.000000
345	-0.009423	0.009057	0.000000	0.000000
346	-0.009372	0.009009	0.000000	0.000000
347	-0.009321	0.008959	0.000000	0.000000
348	-0.009267	0.008908	0.000000	0.000000
349	-0.009214	0.008857	0.000000	0.000000
350	-0.009161	0.008806	0.000000	0.000000
351	-0.009108	0.008755	0.000000	0.000000
352	-0.009055	0.008704	0.000000	0.000000
353	-0.009001	0.008653	0.000000	0.000000
354	-0.008948	0.008602	0.000000	0.000000
355	-0.008895	0.008551	0.000000	0.000000
356	-0.008842	0.008500	0.000000	0.000000
357	-0.008789	0.008449	0.000000	0.000000
358	-0.008735	0.008398	0.000000	0.000000
359	-0.008682	0.008347	0.000000	0.000000
360	-0.008629	0.008296	0.000000	0.000000
361	-0.008576	0.008244	0.000000	0.000000
362	-0.008523	0.008193	0.000000	0.000000
363	-0.008469	0.008142	0.000000	0.000000
364	-0.008416	0.008091	0.000000	0.000000
365	-0.008363	0.008040	0.000000	0.000000
366	-0.008310	0.007989	0.000000	0.000000
367	-0.008257	0.007938	0.000000	0.000000
368	-0.008203	0.007886	0.000000	0.000000
369	-0.008148	0.007834	0.000000	0.000000
370	-0.008094	0.007782	0.000000	0.000000
371	-0.008040	0.007730	0.000000	0.000000
372	-0.007986	0.007678	0.000000	0.000000
373	-0.007931	0.007626	0.000000	0.000000
374	-0.007877	0.007574	0.000000	0.000000
375	-0.007823	0.007521	0.000000	0.000000
376	-0.007768	0.007469	0.000000	0.000000
377	-0.007714	0.007417	0.000000	0.000000
378	-0.007659	0.007365	0.000000	0.000000
379	-0.007604	0.007311	0.000000	0.000000
380	-0.007549	0.007258	0.000000	0.000000
381	-0.007493	0.007205	0.000000	0.000000
382	-0.007438	0.007152	0.000000	0.000000
383	-0.007383	0.007099	0.000000	0.000000
384	-0.007327	0.007046	0.000000	0.000000
385	-0.007272	0.006992	0.000000	0.000000
386	-0.007217	0.006939	0.000000	0.000000
387	-0.007161	0.006886	0.000000	0.000000
388	-0.007106	0.006833	0.000000	0.000000
389	-0.007049	0.006779	0.000000	0.000000
390	-0.006993	0.006724	0.000000	0.000000
391	-0.006936	0.006670	0.000000	0.000000
392	-0.006880	0.006616	0.000000	0.000000
393	-0.006823	0.006562	0.000000	0.000000
394	-0.006767	0.006508	0.000000	0.000000
395	-0.006711	0.006453	0.000000	0.000000
396	-0.006654	0.006399	0.000000	0.000000
397	-0.006598	0.006345	0.000000	0.000000
398	-0.006541	0.006291	0.000000	0.000000
399	-0.006485	0.006236	0.000000	0.000000
400	-0.006428	0.006182	0.000000	0.000000
401	-0.006372	0.006128	0.000000	0.000000
402	-0.006316	0.006074	0.000000	0.000000
403	-0.006259	0.006020	0.000000	0.000000
404	-0.006203	0.005965	0.000000	0.000000
405	-0.006146	0.005911	0.000000	0.000000
406	-0.006090	0.005857	0.000000	0.000000
407	-0.006033	0.005803	0.000000	0.000000
408	-0.005977	0.005749	0.000000	0.000000
409	-0.005921	0.005694	0.000000	0.000000
410	-0.005864	0.005640	0.000000	0.000000
411	-0.005808	0.005586	0.000000	0.000000
412	-0.005751	0.005532	0.000000	0.000000
413	-0.005695	0.005478	0.000000	0.000000
414	-0.005639	0.005423	0.000000	0.000000
415	-0.005582	0.005369	0.000000	0.000000
416	-0.005526	0.005315	0.000000	0.000000
417	-0.005469	0.005261	0.000000	0.000000
418	-0.005413	0.005207	0.000000	0.000000
419	-0.005356	0.005152	0.000000	0.000000
420	-0.005298	0.005096	0.000000	0.000000
421	-0.005241	0.005041	0.000000	0.000000
422	-0.005183	0.004986	0.000000	0.000000
423	-0.005126	0.004931	0.000000	0.000000
424	-0.005068	0.004875	0.000000	0.000000
425	-0.005011	0.004820	0.000000	0.000000
426	-0.004953	0.004765	0.000000	0.000000
427	-0.004896	0.004710	0.000000	0.000000
428	-0.004839	0.004654	0.000000	0.000000
429	-0.004781	0.004599	0.000000	0.000000
430	-0.004724	0.004544	0.000000	0.000000
431	-0.004666	0.004489	0.000000	0.000000
432	-0.004609	0.004434	0.000000	0.000000
433	-0.004551	0.004378	0.000000	0.000000
434	-0.004494	0.004323	0.000000	0.000000
435	-0.004436	0.004268	0.000000	0.000000
436	-0.004379	0.004213	0.000000	0.000000
437	-0.004321	0.004157	0.000000	0.000000
438	-0.004264	0.004102	0.000000	0.000000
439	-0.004206	0.004047	0.000000	0.000000
440	-0.004148	0.003990	0.000000	0.000000
441	-0.004089	0.003934	0.000000	0.000000
442	-0.004031	0.003878	0.000000	0.000000
443	-0.003972	0.003821	0.000000	0.000000
444	-0.003913	0.003765	0.000000	0.000000
445	-0.003855	0.003709	0.000000	0.000000
446	-0.003796	0.003653	0.000000	0.000000
447	-0.003738	0.003596	0.000000	0.000000
448	-0.003679	0.003540	0.000000	0.000000
449	-0.003621	0.003484	0.000000	0.000000
450	-0.003562	0.003427	0.000000	0.000000
451	-0.003504	0.003371	0.000000	0.000000
452	-0.003445	0.003315	0.000000	0.000000
453	-0.003387	0.003259	0.000000	0.000000
454	-0.003328	0.003202	0.000000	0.000000
455	-0.003270	0.003146	0.000000	0.000000
456	-0.003211	0.003090	0.000000	0.000000
457	-0.003153	0.003033	0.000000	0.000000
458	-0.003094	0.002977	0.000000	0.000000
459	-0.003036	0.002921	0.000000	0.000000
460	-0.002976	0.002864	0.000000	0.000000
461	-0.002917	0.002806	0.000000	0.000000
462	-0.002857	0.002749	0.000000	0.000000
463	-0.002797	0.002692	0.000000	0.000000
464	-0.002738	0.002635	0.000000	0.000000
465	-0.002678	0.002577	0.000000	0.000000
466	-0.002619	0.002520	0.000000	0.000000
467	-0.002559	0.002463	0.000000	0.000000
468	-0.002499	0.002405	0.000000	0.000000
469	-0.002440	0.002348	0.000000	0.000000
470	-0.002381	0.002291	0.000000	0.000000
471	-0.002323	0.002235	0.000000	0.000000
472	-0.002264	0.002179	0.000000	0.000000
473	-0.002206	0.002122	0.000000	0.000000
474	-0.002147	0.002066	0.000000	0.000000
475	-0.002089	0.002010	0.000000	0.000000
476	-0.002030	0.001954	0.000000	0.000000
477	-0.001972	0.001897	0.000000	0.000000
478	-0.001913	0.001841	0.000000	0.000000
479	-0.001855	0.001785	0.000000	0.000000
480	-0.001796	0.001728	0.000000	0.000000
481	-0.001736	0.001671	0.000000	0.000000
482	-0.001677	0.001614	0.000000	0.000000
483	-0.001617	0.001556	0.000000	0.000000
484	-0.001557	0.001499	0.000000	0.000000
485	-0.001498	0.001442	0.000000	0.000000
486	-0.001438	0.001384	0.000000	0.000000
487	-0.001379	0.001327	0.000000	0.000000
488	-0.001319	0.001270	0.000000	0.000000
489	-0.001260	0.001212	0.000000	0.000000
490	-0.001200	0.001155	0.000000	0.000000
491	-0.001141	0.001098	0.000000	0.000000
492	-0.001081	0.001041	0.000000	0.000000
493	-0.001022	0.000983	0.000000	0.000000
494	-0.000962	0.000926	0.000000	0.000000
495	-0.000903	0.000869	0.000000	0.000000
496	-0.000843	0.000811	0.000000	0.000000
497	-0.000784	0.000754	0.000000	0.000000
498	-0.000724	0.000697	0.000000	0.000000
499	-0.000664	0.000640	0.000000	0.000000
500	-0.000605	0.000582	0.000000	0.000000
501	-0.000545	0.000525	0.000000	0.000000
502	-0.000486	0.000468	0.000000	0.000000
503	-0.000426	0.000410	0.000000	0.000000
504	-0.000367	0.000353	0.000000	0.000000
505	-0.000307	0.000296	0.000000	0.000000
506	-0.000248	0.000238	0.000000	0.000000
507	-0.000188	0.000181	0.000000	0.000000
508	-0.000129	0.000124	0.000000	0.000000
509	-0.000069	0.000067	0.000000	0.000000
510	-0.000010	0.000009	0.000000	0.000000
511	-0.000000	-0.000000	0.000000	0.000000
512	-0.000000	-0.000000	0.000000	0.000000
513	-0.000000	-0.000000	0.000000	0.000000
514	-0.000000	-0.000000	0.000000	0.000000
515	-0.000000	-0.000000	0.000000	0.000000
516	-0.000000	-0.000000	0.000000	0.000000
517	-0.000000	-0.000000	0.000000	0.000000
518	-0.000000	-0.000000	0.000000	0.000000
519	-0.000000	-0.000000	0.000000	0.000000
520	-0.000000	-0.000000	0.000000	0.000000
521	-0.000000	-0.000000	0.000000	0.000000
522	-0.000000	-0.000000	0.000000	0.000000
523	-0.000000	-0.000000	0.000000	0.000000
524	-0.000000	-0.000000	0.000000	0.000000
525	-0.000000	-0.000000	0.000000	0.000000
526	-0.000000	-0.000000	0.000000	0.000000
527	-0.000000	-0.000000	0.000000	0.000000
528	-0.000000	-0.000000	0.000000	0.000000
529	-0.000000	-0.000000	0.000000	0.000000
530	-0.000000	-0.000000	0.000000	0.000000
531	-0.000000	-0.000000	0.000000	0.000000
532	-0.000000	-0.000000	0.000000	0.000000
533	-0.000000	-0.000000	0.000000	0.000000
534	-0.000000	-0.000000	0.000000	0.000000
535	-0.000000	-0.000000	0.000000	0.000000
536	-0.000000	-0.000000	0.000000	0.000000
537	-0.000000	-0.000000	0.000000	0.000000
538	-0.000000	-0.000000	0.000000	0.000000
539	-0.000000	-0.000000	0.000000	0.000000
540	-0.000000	-0.000000	0.000000	0.000000
541	-0.000000	-0.000000	0.000000	0.000000
542	-0.000000	-0.000000	0.000000	0.000000
543	-0.000000	-0.000000	0.000000	0.000000
544	-0.000000	-0.000000	0.000000	0.000000
545	-0.000000	-0.000000	0.000000	0.000000
546	-0.000000	-0.000000	0.000000	0.000000
547	-0.000000	-0.000000	0.000000	0.000000
548	-0.000000	-0.000000	0.000000	0.000000
549	-0.000000	-0.000000	0.000000	0.000000
550	-0.000000	-0.000000	0.000000	0.000000
551	-0.000000	-0.000000	0.000000	0.000000
552	-0.000000	-0.000000	0.000000	0.000000
553	-0.000000	-0.000000	0.000000	0.000000
554	-0.000000	-0.000000	0.000000	0.000000
555	-0.000000	-0.000000	0.000000	0.000000
556	-0.000000	-0.000000	0.000000	0.000000
557	-0.000000	-0.000000	0.000000	0.000000
558	-0.000000	-0.000000	0.000000	0.000000
559	-0.000000	-0.000000	0.000000	0.000000
560	-0.000000	-0.000000	0.000000	0.000000
561	-0.000000	-0.000000	0.000000	0.000000
562	-0.000000	-0.000000	0.000000	0.000000
563	-0.000000	-0.000000	0.000000	0.000000
564	-0.000000	-0.000000	0.000000	0.000000
565	-0.000000	-0.000000	0.000000	0.000000
566	-0.000000	-0.000000	0.000000	0.000000
567	-0.000000	-0.000000	0.000000	0.000000
568	-0.000000	-0.000000	0.000000	0.000000
569	-0.000000	-0.000000	0.000000	0.000000
570	-0.000000	-0.000000	0.000000	0.000000
571	-0.000000	-0.000000	0.000000	0.000000
572	-0.000000	-0.000000	0.000000	0.000000
573	-0.000000	-0.000000	0.000000	0.000000
574	-0.000000	-0.000000	0.000000	0.000000
575	-0.000000	-0.000000	0.000000	0.000000
576	-0.000000	-0.000000	0.000000	0.000000
577	-0.000000	-0.000000	0.000000	0.000000
578	-0.000000	-0.000000	0.000000	0.000000
579	-0.000000	-0.000000	0.000000	0.000000
580	-0.000000	-0.000000	0.000000	0.000000
581	-0.000000	-0.000000	0.000000	0.000000
582	-0.000000	-0.000000	0.000000	0.000000
583	-0.000000	-0.000000	0.000000	0.000000
584	-0.000000	-0.000000	0.000000	0.000000
585	-0.000000	-0.000000	0.000000	0.000000
586	-0.000000	-0.000000	0.000000	0.000000
587	-0.000000	-0.000000	0.000000	0.000000
588	-0.000000	-0.000000	0.000000	0.000000
589	-0.000000	-0.000000	0.000000	0.000000
590	-0.000000	-0.000000	0.000000	0.000000
591	-0.000000	-0.000000	0.000000	0.000000
592	-0.000000	-0.000000	0.000000	0.000000
593	-0.000000	-0.000000	0.000000	0.000000
594	-0.000000	-0.000000	0.000000	0.000000
595	-0.000000	-0.000000	0.000000	0.000000
596	-0.000000	-0.000000	0.000000	0.000000
597	-0.000000	-0.000000	0.000000	0.000000
598	-0.000000	-0.000000	0.000000	0.000000
599	-0.000000	-0.000000	0.000000	0.000000