# Turn	Orbit_Min_x	Orbit_Max_x	Orbit_Min_y	Orbit_Max_y
0	-0.000000	0.000000	0.000000	0.000000
1	-0.037775	0.028747	0.000000	0.000000
2	-0.037774	0.028745	0.000000	0.000000
3	-0.037773	0.028742	0.000000	0.000000
4	-0.037772	0.028740	0.000000	0.000000
5	-0.037771	0.028738	0.000000	0.000000
6	-0.037770	0.028736	0.000000	0.000000
7	-0.037769	0.028734	0.000000	0.000000
8	-0.037768	0.028732	0.000000	0.000000
9	-0.037768	0.028730	0.000000	0.000000
10	-0.037767	0.028728	0.000000	0.000000
11	-0.037762	0.028725	0.000000	0.000000
12	-0.037755	0.028721	0.000000	0.000000
13	-0.037749	0.028718	0.000000	0.000000
14	-0.037743	0.028714	0.000000	0.000000
15	-0.037737	0.028710	0.000000	0.000000
16	-0.037730	0.028707	0.000000	0.000000
17	-0.037724	0.028703	0.000000	0.000000
18	-0.037718	0.028699	0.000000	0.000000
19	-0.037712	0.028696	0.000000	0.000000
20	-0.037705	0.028692	0.000000	0.000000
21	-0.037697	0.028686	0.000000	0.000000
22	-0.037688	0.028678	0.000000	0.000000
23	-0.037679	0.028671	0.000000	0.000000
24	-0.037670	0.028664	0.000000	0.000000
25	-0.037661	0.028656	0.000000	0.000000
26	-0.037652	0.028649	0.000000	0.000000
27	-0.037643	0.028642	0.000000	0.000000
28	-0.037633	0.028635	0.000000	0.000000
29	-0.037624	0.028627	0.000000	0.000000
30	-0.037615	0.028620	0.000000	0.000000
31	-0.037602	0.028611	0.000000	0.000000
32	-0.037588	0.028602	0.000000	0.000000
33	-0.037574	0.028593	0.000000	0.000000
34	-0.037560	0.028584	0.000000	0.000000
35	-0.037546	0.028575	0.000000	0.000000
36	-0.037532	0.028566	0.000000	0.000000
37	-0.037518	0.028557	0.000000	0.000000
38	-0.037503	0.028548	0.000000	0.000000
39	-0.037489	0.028539	0.000000	0.000000
40	-0.037475	0.028530	0.000000	0.000000
41	-0.037460	0.028518	0.000000	0.000000
42	-0.037444	0.028504	0.000000	0.000000
43	-0.037428	0.028491	0.000000	0.000000
44	-0.037412	0.028478	0.000000	0.000000
45	-0.037396	0.028465	0.000000	0.000000
46	-0.037380	0.028451	0.000000	0.000000
47	-0.037364	0.028438	0.000000	0.000000
48	-0.037348	0.028425	0.000000	0.000000
49	-0.037332	0.028411	0.000000	0.000000
50	-0.037316	0.028398	0.000000	0.000000
51	-0.037295	0.028385	0.000000	0.000000
52	-0.037272	0.028371	0.000000	0.000000
53	-0.037249	0.028358	0.000000	0.000000
54	-0.037226	0.028344	0.000000	0.000000
55	-0.037203	0.028331	0.000000	0.000000
56	-0.037181	0.028317	0.000000	0.000000
57	-0.037158	0.028304	0.000000	0.000000
58	-0.037135	0.028290	0.000000	0.000000
59	-0.037112	0.028276	0.000000	0.000000
60	-0.037089	0.028263	0.000000	0.000000
61	-0.037066	0.028245	0.000000	0.000000
62	-0.037042	0.028227	0.000000	0.000000
63	-0.037018	0.028208	0.000000	0.000000
64	-0.036994	0.028189	0.000000	0.000000
65	-0.036970	0.028171	0.000000	0.000000
66	-0.036947	0.028152	0.000000	0.000000
67	-0.036923	0.028133	0.000000	0.000000
68	-0.036899	0.028115	0.000000	0.000000
69	-0.036875	0.028096	0.000000	0.000000
70	-0.036852	0.028077	0.000000	0.000000
71	-0.036824	0.028057	0.000000	0.000000
72	-0.036796	0.028037	0.000000	0.000000
73	-0.036767	0.028016	0.000000	0.000000
74	-0.036739	0.027996	0.000000	0.000000
75	-0.036711	0.027976	0.000000	0.000000
76	-0.036682	0.027955	0.000000	0.000000
77	-0.036654	0.027935	0.000000	0.000000
78	-0.036626	0.027914	0.000000	0.000000
79	-0.036597	0.027894	0.000000	0.000000
80	-0.036569	0.027874	0.000000	0.000000
81	-0.036537	0.027851	0.000000	0.000000
82	-0.036505	0.027828	0.000000	0.000000
83	-0.036473	0.027805	0.000000	0.000000
84	-0.036441	0.027782	0.000000	0.000000
85	-0.036408	0.027759	0.000000	0.000000
86	-0.036376	0.027736	0.000000	0.000000
87	-0.036344	0.027713	0.000000	0.000000
88	-0.036312	0.027689	0.000000	0.000000
89	-0.036279	0.027666	0.000000	0.000000
90	-0.036247	0.027643	0.000000	0.000000
91	-0.036213	0.027618	0.000000	0.000000
92	-0.036178	0.027591	0.000000	0.000000
93	-0.036143	0.027565	0.000000	0.000000
94	-0.036108	0.027539	0.000000	0.000000
95	-0.036073	0.027512	0.000000	0.000000
96	-0.036038	0.027486	0.000000	0.000000
97	-0.036003	0.027460	0.000000	0.000000
98	-0.035968	0.027433	0.000000	0.000000
99	-0.035933	0.027407	0.000000	0.000000
100	-0.035898	0.027381	0.000000	0.000000
101	-0.035861	0.027352	0.000000	0.000000
102	-0.035823	0.027322	0.000000	0.000000
103	-0.035785	0.027292	0.000000	0.000000
104	-0.035748	0.027262	0.000000	0.000000
105	-0.035710	0.027232	0.000000	0.000000
106	-0.035672	0.027202	0.000000	0.000000
107	-0.035634	0.027172	0.000000	0.000000
108	-0.035597	0.027142	0.000000	0.000000
109	-0.035559	0.027112	0.000000	0.000000
110	-0.035521	0.027082	0.000000	0.000000
111	-0.035479	0.027051	0.000000	0.000000
112	-0.035435	0.027021	0.000000	0.000000
113	-0.035392	0.026990	0.000000	0.000000
114	-0.035349	0.026959	0.000000	0.000000
115	-0.035305	0.026928	0.000000	0.000000
116	-0.035262	0.026898	0.000000	0.000000
117	-0.035218	0.026867	0.000000	0.000000
118	-0.035175	0.026836	0.000000	0.000000
119	-0.035131	0.026805	0.000000	0.000000
120	-0.035088	0.026775	0.000000	0.000000
121	-0.035042	0.026741	0.000000	0.000000
122	-0.034996	0.026707	0.000000	0.000000
123	-0.034950	0.026673	0.000000	0.000000
124	-0.034904	0.026639	0.000000	0.000000
125	-0.034858	0.026605	0.000000	0.000000
126	-0.034812	0.026572	0.000000	0.000000
127	-0.034766	0.026538	0.000000	0.000000
128	-0.034720	0.026504	0.000000	0.000000
129	-0.034674	0.026470	0.000000	0.000000
130	-0.034628	0.026436	0.000000	0.000000
131	-0.034578	0.026400	0.000000	0.000000
132	-0.034528	0.026364	0.000000	0.000000
133	-0.034478	0.026328	0.000000	0.000000
134	-0.034427	0.026292	0.000000	0.000000
135	-0.034377	0.026255	0.000000	0.000000
136	-0.034327	0.026219	0.000000	0.000000
137	-0.034277	0.026183	0.000000	0.000000
138	-0.034227	0.026147	0.000000	0.000000
139	-0.034176	0.026111	0.000000	0.000000
140	-0.034126	0.026075	0.000000	0.000000
141	-0.034073	0.026036	0.000000	0.000000
142	-0.034020	0.025998	0.000000	0.000000
143	-0.033967	0.025959	0.000000	0.000000
144	-0.033914	0.025920	0.000000	0.000000
145	-0.033861	0.025881	0.000000	0.000000
146	-0.033808	0.025842	0.000000	0.000000
147	-0.033755	0.025803	0.000000	0.000000
148	-0.033702	0.025765	0.000000	0.000000
149	-0.033649	0.025726	0.000000	0.000000
150	-0.033596	0.025687	0.000000	0.000000
151	-0.033541	0.025645	0.000000	0.000000
152	-0.033487	0.025602	0.000000	0.000000
153	-0.033432	0.025559	0.000000	0.000000
154	-0.033378	0.025516	0.000000	0.000000
155	-0.033323	0.025473	0.000000	0.000000
156	-0.033268	0.025430	0.000000	0.000000
157	-0.033214	0.025387	0.000000	0.000000
158	-0.033159	0.025343	0.000000	0.000000
159	-0.033105	0.025300	0.000000	0.000000
160	-0.033050	0.025257	0.000000	0.000000
161	-0.032991	0.025214	0.000000	0.000000
162	-0.032931	0.025170	0.000000	0.000000
163	-0.032871	0.025126	0.000000	0.000000
164	-0.032811	0.025082	0.000000	0.000000
165	-0.032751	0.025038	0.000000	0.000000
166	-0.032691	0.024994	0.000000	0.000000
167	-0.032631	0.024950	0.000000	0.000000
168	-0.032571	0.024906	0.000000	0.000000
169	-0.032511	0.024862	0.000000	0.000000
170	-0.032451	0.024818	0.000000	0.000000
171	-0.032389	0.024772	0.000000	0.000000
172	-0.032327	0.024724	0.000000	0.000000
173	-0.032266	0.024677	0.000000	0.000000
174	-0.032204	0.024630	0.000000	0.000000
175	-0.032142	0.024582	0.000000	0.000000
176	-0.032080	0.024535	0.000000	0.000000
177	-0.032019	0.024487	0.000000	0.000000
178	-0.031957	0.024440	0.000000	0.000000
179	-0.031895	0.024393	0.000000	0.000000
180	-0.031833	0.024345	0.000000	0.000000
181	-0.031767	0.024298	0.000000	0.000000
182	-0.031699	0.024250	0.000000	0.000000
183	-0.031632	0.024202	0.000000	0.000000
184	-0.031565	0.024154	0.000000	0.000000
185	-0.031498	0.024106	0.000000	0.000000
186	-0.031430	0.024058	0.000000	0.000000
187	-0.031363	0.024010	0.000000	0.000000
188	-0.031296	0.023962	0.000000	0.000000
189	-0.031229	0.023914	0.000000	0.000000
190	-0.031161	0.023866	0.000000	0.000000
191	-0.031093	0.023815	0.000000	0.000000
192	-0.031024	0.023764	0.000000	0.000000
193	-0.030955	0.023713	0.000000	0.000000
194	-0.030886	0.023661	0.000000	0.000000
195	-0.030817	0.023610	0.000000	0.000000
196	-0.030748	0.023559	0.000000	0.000000
197	-0.030680	0.023508	0.000000	0.000000
198	-0.030611	0.023456	0.000000	0.000000
199	-0.030542	0.023405	0.000000	0.000000
200	-0.030473	0.023354	0.000000	0.000000
201	-0.030402	0.023300	0.000000	0.000000
202	-0.030330	0.023246	0.000000	0.000000
203	-0.030259	0.023192	0.000000	0.000000
204	-0.030187	0.023137	0.000000	0.000000
205	-0.030115	0.023083	0.000000	0.000000
206	-0.030044	0.023029	0.000000	0.000000
207	-0.029972	0.022975	0.000000	0.000000
208	-0.029901	0.022921	0.000000	0.000000
209	-0.029829	0.022866	0.000000	0.000000
210	-0.029757	0.022812	0.000000	0.000000
211	-0.029683	0.022757	0.000000	0.000000
212	-0.029608	0.022701	0.000000	0.000000
213	-0.029533	0.022645	0.000000	0.000000
214	-0.029458	0.022589	0.000000	0.000000
215	-0.029383	0.022533	0.000000	0.000000
216	-0.029308	0.022477	0.000000	0.000000
217	-0.029234	0.022422	0.000000	0.000000
218	-0.029159	0.022366	0.000000	0.000000
219	-0.029084	0.022310	0.000000	0.000000
220	-0.029009	0.022254	0.000000	0.000000
221	-0.028933	0.022195	0.000000	0.000000
222	-0.028857	0.022135	0.000000	0.000000
223	-0.028781	0.022076	0.000000	0.000000
224	-0.028705	0.022016	0.000000	0.000000
225	-0.028629	0.021957	0.000000	0.000000
226	-0.028553	0.021897	0.000000	0.000000
227	-0.028477	0.021838	0.000000	0.000000
228	-0.028401	0.021778	0.000000	0.000000
229	-0.028325	0.021719	0.000000	0.000000
230	-0.028249	0.021659	0.000000	0.000000
231	-0.028168	0.021599	0.000000	0.000000
232	-0.028088	0.021539	0.000000	0.000000
233	-0.028007	0.021479	0.000000	0.000000
234	-0.027926	0.021418	0.000000	0.000000
235	-0.027846	0.021358	0.000000	0.000000
236	-0.027765	0.021298	0.000000	0.000000
237	-0.027685	0.021238	0.000000	0.000000
238	-0.027604	0.021177	0.000000	0.000000
239	-0.027523	0.021117	0.000000	0.000000
240	-0.027443	0.021057	0.000000	0.000000
241	-0.027359	0.020995	0.000000	0.000000
242	-0.027276	0.020933	0.000000	0.000000
243	-0.027192	0.020871	0.000000	0.000000
244	-0.027108	0.020809	0.000000	0.000000
245	-0.027025	0.020747	0.000000	0.000000
246	-0.026941	0.020685	0.000000	0.000000
247	-0.026858	0.020622	0.000000	0.000000
248	-0.026774	0.020560	0.000000	0.000000
249	-0.026690	0.020498	0.000000	0.000000
250	-0.026607	0.020436	0.000000	0.000000
251	-0.026520	0.020373	0.000000	0.000000
252	-0.026433	0.020309	0.000000	0.000000
253	-0.026347	0.020245	0.000000	0.000000
254	-0.026260	0.020182	0.000000	0.000000
255	-0.026173	0.020118	0.000000	0.000000
256	-0.026086	0.020054	0.000000	0.000000
257	-0.025999	0.019991	0.000000	0.000000
258	-0.025912	0.019927	0.000000	0.000000
259	-0.025826	0.019863	0.000000	0.000000
260	-0.025739	0.019800	0.000000	0.000000
261	-0.025653	0.019732	0.000000	0.000000
262	-0.025567	0.019663	0.000000	0.000000
263	-0.025481	0.019595	0.000000	0.000000
264	-0.025395	0.019527	0.000000	0.000000
265	-0.025309	0.019459	0.000000	0.000000
266	-0.025224	0.019390	0.000000	0.000000
267	-0.025138	0.019322	0.000000	0.000000
268	-0.025052	0.019254	0.000000	0.000000
269	-0.024966	0.019185	0.000000	0.000000
270	-0.024880	0.019117	0.000000	0.000000
271	-0.024788	0.019050	0.000000	0.000000
272	-0.024695	0.018984	0.000000	0.000000
273	-0.024602	0.018917	0.000000	0.000000
274	-0.024509	0.018850	0.000000	0.000000
275	-0.024416	0.018784	0.000000	0.000000
276	-0.024323	0.018717	0.000000	0.000000
277	-0.024230	0.018650	0.000000	0.000000
278	-0.024138	0.018584	0.000000	0.000000
279	-0.024045	0.018517	0.000000	0.000000
280	-0.023952	0.018450	0.000000	0.000000
281	-0.023858	0.018381	0.000000	0.000000
282	-0.023765	0.018311	0.000000	0.000000
283	-0.023671	0.018241	0.000000	0.000000
284	-0.023578	0.018171	0.000000	0.000000
285	-0.023484	0.018101	0.000000	0.000000
286	-0.023391	0.018031	0.000000	0.000000
287	-0.023298	0.017961	0.000000	0.000000
288	-0.023204	0.017891	0.000000	0.000000
289	-0.023111	0.017821	0.000000	0.000000
290	-0.023017	0.017751	0.000000	0.000000
291	-0.022923	0.017679	0.000000	0.000000
292	-0.022830	0.017606	0.000000	0.000000
293	-0.022736	0.017533	0.000000	0.000000
294	-0.022642	0.017460	0.000000	0.000000
295	-0.022548	0.017387	0.000000	0.000000
296	-0.022454	0.017314	0.000000	0.000000
297	-0.022360	0.017241	0.000000	0.000000
298	-0.022267	0.017167	0.000000	0.000000
299	-0.022173	0.017094	0.000000	0.000000
300	-0.022079	0.017021	0.000000	0.000000
301	-0.021981	0.016948	0.000000	0.000000
302	-0.021883	0.016875	0.000000	0.000000
303	-0.021784	0.016802	0.000000	0.000000
304	-0.021686	0.016729	0.000000	0.000000
305	-0.021588	0.016656	0.000000	0.000000
306	-0.021489	0.016582	0.000000	0.000000
307	-0.021391	0.016509	0.000000	0.000000
308	-0.021292	0.016436	0.000000	0.000000
309	-0.021194	0.016363	0.000000	0.000000
310	-0.021096	0.016290	0.000000	0.000000
311	-0.020998	0.016213	0.000000	0.000000
312	-0.020901	0.016136	0.000000	0.000000
313	-0.020803	0.016059	0.000000	0.000000
314	-0.020706	0.015983	0.000000	0.000000
315	-0.020608	0.015906	0.000000	0.000000
316	-0.020511	0.015829	0.000000	0.000000
317	-0.020413	0.015752	0.000000	0.000000
318	-0.020316	0.015675	0.000000	0.000000
319	-0.020219	0.015598	0.000000	0.000000
320	-0.020121	0.015522	0.000000	0.000000
321	-0.020019	0.015445	0.000000	0.000000
322	-0.019918	0.015368	0.000000	0.000000
323	-0.019816	0.015292	0.000000	0.000000
324	-0.019714	0.015215	0.000000	0.000000
325	-0.019612	0.015139	0.000000	0.000000
326	-0.019510	0.015062	0.000000	0.000000
327	-0.019408	0.014986	0.000000	0.000000
328	-0.019306	0.014909	0.000000	0.000000
329	-0.019204	0.014832	0.000000	0.000000
330	-0.019102	0.014756	0.000000	0.000000
331	-0.018999	0.014677	0.000000	0.000000
332	-0.018897	0.014599	0.000000	0.000000
333	-0.018794	0.014520	0.000000	0.000000
334	-0.018691	0.014441	0.000000	0.000000
335	-0.018588	0.014362	0.000000	0.000000
336	-0.018485	0.014284	0.000000	0.000000
337	-0.018382	0.014205	0.000000	0.000000
338	-0.018279	0.014126	0.000000	0.000000
339	-0.018177	0.014047	0.000000	0.000000
340	-0.018074	0.013969	0.000000	0.000000
341	-0.017969	0.013889	0.000000	0.000000
342	-0.017864	0.013809	0.000000	0.000000
343	-0.017760	0.013729	0.000000	0.000000
344	-0.017655	0.013649	0.000000	0.000000
345	-0.017550	0.013568	0.000000	0.000000
346	-0.017446	0.013488	0.000000	0.000000
347	-0.017341	0.013408	0.000000	0.000000
348	-0.017237	0.013328	0.000000	0.000000
349	-0.017132	0.013248	0.000000	0.000000
350	-0.017027	0.013168	0.000000	0.000000
351	-0.016920	0.013087	0.000000	0.000000
352	-0.016814	0.013006	0.000000	0.000000
353	-0.016707	0.012925	0.000000	0.000000
354	-0.016600	0.012844	0.000000	0.000000
355	-0.016493	0.012763	0.000000	0.000000
356	-0.016386	0.012682	0.000000	0.000000
357	-0.016280	0.012601	0.000000	0.000000
358	-0.016173	0.012520	0.000000	0.000000
359	-0.016066	0.012439	0.000000	0.000000
360	-0.015959	0.012358	0.000000	0.000000
361	-0.015854	0.012274	0.000000	0.000000
362	-0.015748	0.012189	0.000000	0.000000
363	-0.015642	0.012105	0.000000	0.000000
364	-0.015536	0.012021	0.000000	0.000000
365	-0.015430	0.011937	0.000000	0.000000
366	-0.015324	0.011852	0.000000	0.000000
367	-0.015219	0.011768	0.000000	0.000000
368	-0.015113	0.011684	0.000000	0.000000
369	-0.015007	0.011600	0.000000	0.000000
370	-0.014901	0.011515	0.000000	0.000000
371	-0.014789	0.011434	0.000000	0.000000
372	-0.014677	0.011352	0.000000	0.000000
373	-0.014565	0.011271	0.000000	0.000000
374	-0.014453	0.011189	0.000000	0.000000
375	-0.014340	0.011108	0.000000	0.000000
376	-0.014228	0.011026	0.000000	0.000000
377	-0.014116	0.010944	0.000000	0.000000
378	-0.014004	0.010863	0.000000	0.000000
379	-0.013892	0.010781	0.000000	0.000000
380	-0.013780	0.010700	0.000000	0.000000
381	-0.013669	0.010615	0.000000	0.000000
382	-0.013559	0.010529	0.000000	0.000000
383	-0.013449	0.010444	0.000000	0.000000
384	-0.013338	0.010359	0.000000	0.000000
385	-0.013228	0.010274	0.000000	0.000000
386	-0.013118	0.010189	0.000000	0.000000
387	-0.013008	0.010104	0.000000	0.000000
388	-0.012897	0.010018	0.000000	0.000000
389	-0.012787	0.009933	0.000000	0.000000
390	-0.012677	0.009848	0.000000	0.000000
391	-0.012566	0.009761	0.000000	0.000000
392	-0.012455	0.009674	0.000000	0.000000
393	-0.012344	0.009588	0.000000	0.000000
394	-0.012233	0.009501	0.000000	0.000000
395	-0.012122	0.009414	0.000000	0.000000
396	-0.012012	0.009327	0.000000	0.000000
397	-0.011901	0.009240	0.000000	0.000000
398	-0.011790	0.009154	0.000000	0.000000
399	-0.011679	0.009067	0.000000	0.000000
400	-0.011568	0.008980	0.000000	0.000000
401	-0.011455	0.008893	0.000000	0.000000
402	-0.011342	0.008806	0.000000	0.000000
403	-0.011229	0.008719	0.000000	0.000000
404	-0.011116	0.008633	0.000000	0.000000
405	-0.011002	0.008546	0.000000	0.000000
406	-0.010889	0.008459	0.000000	0.000000
407	-0.010776	0.008372	0.000000	0.000000
408	-0.010663	0.008285	0.000000	0.000000
409	-0.010550	0.008198	0.000000	0.000000
410	-0.010437	0.008112	0.000000	0.000000
411	-0.010323	0.008024	0.000000	0.000000
412	-0.010209	0.007936	0.000000	0.000000
413	-0.010095	0.007849	0.000000	0.000000
414	-0.009981	0.007761	0.000000	0.000000
415	-0.009866	0.007674	0.000000	0.000000
416	-0.009752	0.007586	0.000000	0.000000
417	-0.009638	0.007499	0.000000	0.000000
418	-0.009524	0.007411	0.000000	0.000000
419	-0.009410	0.007323	0.000000	0.000000
420	-0.009296	0.007236	0.000000	0.000000
421	-0.009182	0.007147	0.000000	0.000000
422	-0.009069	0.007057	0.000000	0.000000
423	-0.008955	0.006968	0.000000	0.000000
424	-0.008841	0.006879	0.000000	0.000000
425	-0.008728	0.006790	0.000000	0.000000
426	-0.008614	0.006701	0.000000	0.000000
427	-0.008500	0.006611	0.000000	0.000000
428	-0.008387	0.006522	0.000000	0.000000
429	-0.008273	0.006433	0.000000	0.000000
430	-0.008159	0.006344	0.000000	0.000000
431	-0.008045	0.006254	0.000000	0.000000
432	-0.007930	0.006164	0.000000	0.000000
433	-0.007815	0.006074	0.000000	0.000000
434	-0.007701	0.005984	0.000000	0.000000
435	-0.007586	0.005894	0.000000	0.000000
436	-0.007472	0.005804	0.000000	0.000000
437	-0.007357	0.005714	0.000000	0.000000
438	-0.007242	0.005624	0.000000	0.000000
439	-0.007128	0.005534	0.000000	0.000000
440	-0.007013	0.005444	0.000000	0.000000
441	-0.006896	0.005355	0.000000	0.000000
442	-0.006779	0.005266	0.000000	0.000000
443	-0.006662	0.005177	0.000000	0.000000
444	-0.006545	0.005088	0.000000	0.000000
445	-0.006428	0.004999	0.000000	0.000000
446	-0.006311	0.004910	0.000000	0.000000
447	-0.006194	0.004821	0.000000	0.000000
448	-0.006077	0.004732	0.000000	0.000000
449	-0.005960	0.004643	0.000000	0.000000
450	-0.005843	0.004554	0.000000	0.000000
451	-0.005727	0.004464	0.000000	0.000000
452	-0.005610	0.004374	0.000000	0.000000
453	-0.005493	0.004284	0.000000	0.000000
454	-0.005376	0.004194	0.000000	0.000000
455	-0.005259	0.004104	0.000000	0.000000
456	-0.005143	0.004014	0.000000	0.000000
457	-0.005026	0.003924	0.000000	0.000000
458	-0.004909	0.003833	0.000000	0.000000
459	-0.004792	0.003743	0.000000	0.000000
460	-0.004676	0.003653	0.000000	0.000000
461	-0.004559	0.003562	0.000000	0.000000
462	-0.004443	0.003471	0.000000	0.000000
463	-0.004327	0.003380	0.000000	0.000000
464	-0.004211	0.003288	0.000000	0.000000
465	-0.004094	0.003197	0.000000	0.000000
466	-0.003978	0.003106	0.000000	0.000000
467	-0.003862	0.003015	0.000000	0.000000
468	-0.003746	0.002923	0.000000	0.000000
469	-0.003629	0.002832	0.000000	0.000000
470	-0.003513	0.002741	0.000000	0.000000
471	-0.003396	0.002650	0.000000	0.000000
472	-0.003279	0.002558	0.000000	0.000000
473	-0.003161	0.002467	0.000000	0.000000
474	-0.003044	0.002376	0.000000	0.000000
475	-0.002927	0.002284	0.000000	0.000000
476	-0.002810	0.002193	0.000000	0.000000
477	-0.002693	0.002101	0.000000	0.000000
478	-0.002575	0.002010	0.000000	0.000000
479	-0.002458	0.001919	0.000000	0.000000
480	-0.002341	0.001827	0.000000	0.000000
481	-0.002225	0.001735	0.000000	0.000000
482	-0.002109	0.001643	0.000000	0.000000
483	-0.001993	0.001550	0.000000	0.000000
484	-0.001877	0.001458	0.000000	0.000000
485	-0.001761	0.001366	0.000000	0.000000
486	-0.001645	0.001273	0.000000	0.000000
487	-0.001529	0.001181	0.000000	0.000000
488	-0.001413	0.001088	0.000000	0.000000
489	-0.001297	0.000996	0.000000	0.000000
490	-0.001181	0.000904	0.000000	0.000000
491	-0.001063	0.000813	0.000000	0.000000
492	-0.000944	0.000723	0.000000	0.000000
493	-0.000825	0.000632	0.000000	0.000000
494	-0.000707	0.000542	0.000000	0.000000
495	-0.000588	0.000451	0.000000	0.000000
496	-0.000469	0.000360	0.000000	0.000000
497	-0.000351	0.000270	0.000000	0.000000
498	-0.000232	0.000179	0.000000	0.000000
499	-0.000114	0.000089	0.000000	0.000000
500	-0.000000	-0.000000	0.000000	0.000000
501	-0.000000	-0.000000	0.000000	0.000000
502	-0.000000	-0.000000	0.000000	0.000000
503	-0.000000	-0.000000	0.000000	0.000000
504	-0.000000	-0.000000	0.000000	0.000000
505	-0.000000	-0.000000	0.000000	0.000000
506	-0.000000	-0.000000	0.000000	0.000000
507	-0.000000	-0.000000	0.000000	0.000000
508	-0.000000	-0.000000	0.000000	0.000000
509	-0.000000	-0.000000	0.000000	0.000000
510	-0.000000	-0.000000	0.000000	0.000000
511	-0.000000	-0.000000	0.000000	0.000000
512	-0.000000	-0.000000	0.000000	0.000000
513	-0.000000	-0.000000	0.000000	0.000000
514	-0.000000	-0.000000	0.000000	0.000000
515	-0.000000	-0.000000	0.000000	0.000000
516	-0.000000	-0.000000	0.000000	0.000000
517	-0.000000	-0.000000	0.000000	0.000000
518	-0.000000	-0.000000	0.000000	0.000000
519	-0.000000	-0.000000	0.000000	0.000000
520	-0.000000	-0.000000	0.000000	0.000000
521	-0.000000	-0.000000	0.000000	0.000000
522	-0.000000	-0.000000	0.000000	0.000000
523	-0.000000	-0.000000	0.000000	0.000000
524	-0.000000	-0.000000	0.000000	0.000000
525	-0.000000	-0.000000	0.000000	0.000000
526	-0.000000	-0.000000	0.000000	0.000000
527	-0.000000	-0.000000	0.000000	0.000000
528	-0.000000	-0.000000	0.000000	0.000000
529	-0.000000	-0.000000	0.000000	0.000000
530	-0.000000	-0.000000	0.000000	0.000000
531	-0.000000	-0.000000	0.000000	0.000000
532	-0.000000	-0.000000	0.000000	0.000000
533	-0.000000	-0.000000	0.000000	0.000000
534	-0.000000	-0.000000	0.000000	0.000000
535	-0.000000	-0.000000	0.000000	0.000000
536	-0.000000	-0.000000	0.000000	0.000000
537	-0.000000	-0.000000	0.000000	0.000000
538	-0.000000	-0.000000	0.000000	0.000000
539	-0.000000	-0.000000	0.000000	0.000000
540	-0.000000	-0.000000	0.000000	0.000000
541	-0.000000	-0.000000	0.000000	0.000000
542	-0.000000	-0.000000	0.000000	0.000000
543	-0.000000	-0.000000	0.000000	0.000000
544	-0.000000	-0.000000	0.000000	0.000000
545	-0.000000	-0.000000	0.000000	0.000000
546	-0.000000	-0.000000	0.000000	0.000000
547	-0.000000	-0.000000	0.000000	0.000000
548	-0.000000	-0.000000	0.000000	0.000000
549	-0.000000	-0.000000	0.000000	0.000000
550	-0.000000	-0.000000	0.000000	0.000000
551	-0.000000	-0.000000	0.000000	0.000000
552	-0.000000	-0.000000	0.000000	0.000000
553	-0.000000	-0.000000	0.000000	0.000000
554	-0.000000	-0.000000	0.000000	0.000000
555	-0.000000	-0.000000	0.000000	0.000000
556	-0.000000	-0.000000	0.000000	0.000000
557	-0.000000	-0.000000	0.000000	0.000000
558	-0.000000	-0.000000	0.000000	0.000000
559	-0.000000	-0.000000	0.000000	0.000000
560	-0.000000	-0.000000	0.000000	0.000000
561	-0.000000	-0.000000	0.000000	0.000000
562	-0.000000	-0.000000	0.000000	0.000000
563	-0.000000	-0.000000	0.000000	0.000000
564	-0.000000	-0.000000	0.000000	0.000000
565	-0.000000	-0.000000	0.000000	0.000000
566	-0.000000	-0.000000	0.000000	0.000000
567	-0.000000	-0.000000	0.000000	0.000000
568	-0.000000	-0.000000	0.000000	0.000000
569	-0.000000	-0.000000	0.000000	0.000000
570	-0.000000	-0.000000	0.000000	0.000000
571	-0.000000	-0.000000	0.000000	0.000000
572	-0.000000	-0.000000	0.000000	0.000000
573	-0.000000	-0.000000	0.000000	0.000000
574	-0.000000	-0.000000	0.000000	0.000000
575	-0.000000	-0.000000	0.000000	0.000000
576	-0.000000	-0.000000	0.000000	0.000000
577	-0.000000	-0.000000	0.000000	0.000000
578	-0.000000	-0.000000	0.000000	0.000000
579	-0.000000	-0.000000	0.000000	0.000000
580	-0.000000	-0.000000	0.000000	0.000000
581	-0.000000	-0.000000	0.000000	0.000000
582	-0.000000	-0.000000	0.000000	0.000000
583	-0.000000	-0.000000	0.000000	0.000000
584	-0.000000	-0.000000	0.000000	0.000000
585	-0.000000	-0.000000	0.000000	0.000000
586	-0.000000	-0.000000	0.000000	0.000000
587	-0.000000	-0.000000	0.000000	0.000000
588	-0.000000	-0.000000	0.000000	0.000000
589	-0.000000	-0.000000	0.000000	0.000000
590	-0.000000	-0.000000	0.000000	0.000000
591	-0.000000	-0.000000	0.000000	0.000000
592	-0.000000	-0.000000	0.000000	0.000000
593	-0.000000	-0.000000	0.000000	0.000000
594	-0.000000	-0.000000	0.000000	0.000000
595	-0.000000	-0.000000	0.000000	0.000000
596	-0.000000	-0.000000	0.000000	0.000000
597	-0.000000	-0.000000	0.000000	0.000000
598	-0.000000	-0.000000	0.000000	0.000000
599	-0.000000	-0.000000	0.000000	0.000000