# Turn	Orbit_Min_x	Orbit_Max_x	Orbit_Min_y	Orbit_Max_y
0	-0.000000	0.000000	0.000000	0.000000
1	-0.037750	0.028794	0.000000	0.000000
2	-0.037749	0.028792	0.000000	0.000000
3	-0.037748	0.028791	0.000000	0.000000
4	-0.037746	0.028790	0.000000	0.000000
5	-0.037745	0.028788	0.000000	0.000000
6	-0.037743	0.028787	0.000000	0.000000
7	-0.037742	0.028785	0.000000	0.000000
8	-0.037741	0.028784	0.000000	0.000000
9	-0.037739	0.028782	0.000000	0.000000
10	-0.037738	0.028781	0.000000	0.000000
11	-0.037732	0.028778	0.000000	0.000000
12	-0.037726	0.028775	0.000000	0.000000
13	-0.037719	0.028772	0.000000	0.000000
14	-0.037712	0.028769	0.000000	0.000000
15	-0.037706	0.028766	0.000000	0.000000
16	-0.037699	0.028763	0.000000	0.000000
17	-0.037692	0.028760	0.000000	0.000000
18	-0.037685	0.028757	0.000000	0.000000
19	-0.037679	0.028754	0.000000	0.000000
20	-0.037672	0.028751	0.000000	0.000000
21	-0.037663	0.028745	0.000000	0.000000
22	-0.037654	0.028738	0.000000	0.000000
23	-0.037644	0.028731	0.000000	0.000000
24	-0.037635	0.028724	0.000000	0.000000
25	-0.037625	0.028718	0.000000	0.000000
26	-0.037616	0.028711	0.000000	0.000000
27	-0.037606	0.028704	0.000000	0.000000
28	-0.037597	0.028698	0.000000	0.000000
29	-0.037587	0.028691	0.000000	0.000000
30	-0.037578	0.028684	0.000000	0.000000
31	-0.037564	0.028676	0.000000	0.000000
32	-0.037550	0.028667	0.000000	0.000000
33	-0.037535	0.028659	0.000000	0.000000
34	-0.037520	0.028650	0.000000	0.000000
35	-0.037506	0.028642	0.000000	0.000000
36	-0.037491	0.028633	0.000000	0.000000
37	-0.037477	0.028625	0.000000	0.000000
38	-0.037462	0.028617	0.000000	0.000000
39	-0.037448	0.028608	0.000000	0.000000
40	-0.037433	0.028600	0.000000	0.000000
41	-0.037417	0.028588	0.000000	0.000000
42	-0.037401	0.028575	0.000000	0.000000
43	-0.037385	0.028562	0.000000	0.000000
44	-0.037368	0.028549	0.000000	0.000000
45	-0.037352	0.028536	0.000000	0.000000
46	-0.037336	0.028524	0.000000	0.000000
47	-0.037319	0.028511	0.000000	0.000000
48	-0.037303	0.028498	0.000000	0.000000
49	-0.037287	0.028485	0.000000	0.000000
50	-0.037270	0.028473	0.000000	0.000000
51	-0.037248	0.028460	0.000000	0.000000
52	-0.037225	0.028446	0.000000	0.000000
53	-0.037202	0.028433	0.000000	0.000000
54	-0.037179	0.028420	0.000000	0.000000
55	-0.037155	0.028407	0.000000	0.000000
56	-0.037132	0.028394	0.000000	0.000000
57	-0.037109	0.028381	0.000000	0.000000
58	-0.037086	0.028368	0.000000	0.000000
59	-0.037063	0.028355	0.000000	0.000000
60	-0.037039	0.028342	0.000000	0.000000
61	-0.037015	0.028325	0.000000	0.000000
62	-0.036991	0.028306	0.000000	0.000000
63	-0.036967	0.028288	0.000000	0.000000
64	-0.036943	0.028270	0.000000	0.000000
65	-0.036919	0.028252	0.000000	0.000000
66	-0.036895	0.028233	0.000000	0.000000
67	-0.036871	0.028215	0.000000	0.000000
68	-0.036846	0.028197	0.000000	0.000000
69	-0.036822	0.028179	0.000000	0.000000
70	-0.036798	0.028160	0.000000	0.000000
71	-0.036770	0.028141	0.000000	0.000000
72	-0.036742	0.028121	0.000000	0.000000
73	-0.036713	0.028101	0.000000	0.000000
74	-0.036684	0.028081	0.000000	0.000000
75	-0.036656	0.028061	0.000000	0.000000
76	-0.036627	0.028041	0.000000	0.000000
77	-0.036598	0.028021	0.000000	0.000000
78	-0.036570	0.028001	0.000000	0.000000
79	-0.036541	0.027981	0.000000	0.000000
80	-0.036512	0.027961	0.000000	0.000000
81	-0.036480	0.027938	0.000000	0.000000
82	-0.036448	0.027916	0.000000	0.000000
83	-0.036415	0.027893	0.000000	0.000000
84	-0.036383	0.027870	0.000000	0.000000
85	-0.036350	0.027848	0.000000	0.000000
86	-0.036318	0.027825	0.000000	0.000000
87	-0.036285	0.027802	0.000000	0.000000
88	-0.036253	0.027779	0.000000	0.000000
89	-0.036220	0.027757	0.000000	0.000000
90	-0.036188	0.027734	0.000000	0.000000
91	-0.036153	0.027708	0.000000	0.000000
92	-0.036118	0.027682	0.000000	0.000000
93	-0.036082	0.027656	0.000000	0.000000
94	-0.036047	0.027630	0.000000	0.000000
95	-0.036012	0.027604	0.000000	0.000000
96	-0.035977	0.027578	0.000000	0.000000
97	-0.035941	0.027552	0.000000	0.000000
98	-0.035906	0.027526	0.000000	0.000000
99	-0.035871	0.027500	0.000000	0.000000
100	-0.035836	0.027474	0.000000	0.000000
101	-0.035798	0.027445	0.000000	0.000000
102	-0.035760	0.027416	0.000000	0.000000
103	-0.035722	0.027386	0.000000	0.000000
104	-0.035684	0.027356	0.000000	0.000000
105	-0.035646	0.027327	0.000000	0.000000
106	-0.035608	0.027297	0.000000	0.000000
107	-0.035570	0.027267	0.000000	0.000000
108	-0.035532	0.027237	0.000000	0.000000
109	-0.035495	0.027208	0.000000	0.000000
110	-0.035457	0.027178	0.000000	0.000000
111	-0.035414	0.027148	0.000000	0.000000
112	-0.035370	0.027117	0.000000	0.000000
113	-0.035327	0.027087	0.000000	0.000000
114	-0.035283	0.027056	0.000000	0.000000
115	-0.035239	0.027026	0.000000	0.000000
116	-0.035196	0.026995	0.000000	0.000000
117	-0.035152	0.026964	0.000000	0.000000
118	-0.035109	0.026934	0.000000	0.000000
119	-0.035065	0.026903	0.000000	0.000000
120	-0.035021	0.026873	0.000000	0.000000
121	-0.034976	0.026840	0.000000	0.000000
122	-0.034929	0.026806	0.000000	0.000000
123	-0.034883	0.026772	0.000000	0.000000
124	-0.034837	0.026738	0.000000	0.000000
125	-0.034791	0.026704	0.000000	0.000000
126	-0.034744	0.026671	0.000000	0.000000
127	-0.034698	0.026637	0.000000	0.000000
128	-0.034652	0.026603	0.000000	0.000000
129	-0.034606	0.026569	0.000000	0.000000
130	-0.034559	0.026535	0.000000	0.000000
131	-0.034510	0.026500	0.000000	0.000000
132	-0.034459	0.026464	0.000000	0.000000
133	-0.034409	0.026428	0.000000	0.000000
134	-0.034359	0.026392	0.000000	0.000000
135	-0.034308	0.026356	0.000000	0.000000
136	-0.034258	0.026320	0.000000	0.000000
137	-0.034208	0.026283	0.000000	0.000000
138	-0.034158	0.026247	0.000000	0.000000
139	-0.034107	0.026211	0.000000	0.000000
140	-0.034057	0.026175	0.000000	0.000000
141	-0.034004	0.026137	0.000000	0.000000
142	-0.033951	0.026098	0.000000	0.000000
143	-0.033898	0.026059	0.000000	0.000000
144	-0.033845	0.026021	0.000000	0.000000
145	-0.033792	0.025982	0.000000	0.000000
146	-0.033738	0.025943	0.000000	0.000000
147	-0.033685	0.025904	0.000000	0.000000
148	-0.033632	0.025866	0.000000	0.000000
149	-0.033579	0.025827	0.000000	0.000000
150	-0.033526	0.025788	0.000000	0.000000
151	-0.033471	0.025746	0.000000	0.000000
152	-0.033417	0.025703	0.000000	0.000000
153	-0.033362	0.025660	0.000000	0.000000
154	-0.033307	0.025617	0.000000	0.000000
155	-0.033253	0.025574	0.000000	0.000000
156	-0.033198	0.025531	0.000000	0.000000
157	-0.033143	0.025488	0.000000	0.000000
158	-0.033089	0.025445	0.000000	0.000000
159	-0.033034	0.025402	0.000000	0.000000
160	-0.032979	0.025359	0.000000	0.000000
161	-0.032920	0.025315	0.000000	0.000000
162	-0.032860	0.025271	0.000000	0.000000
163	-0.032800	0.025227	0.000000	0.000000
164	-0.032740	0.025183	0.000000	0.000000
165	-0.032680	0.025139	0.000000	0.000000
166	-0.032620	0.025095	0.000000	0.000000
167	-0.032560	0.025051	0.000000	0.000000
168	-0.032500	0.025007	0.000000	0.000000
169	-0.032440	0.024963	0.000000	0.000000
170	-0.032380	0.024919	0.000000	0.000000
171	-0.032318	0.024872	0.000000	0.000000
172	-0.032257	0.024825	0.000000	0.000000
173	-0.032195	0.024778	0.000000	0.000000
174	-0.032133	0.024730	0.000000	0.000000
175	-0.032071	0.024683	0.000000	0.000000
176	-0.032010	0.024635	0.000000	0.000000
177	-0.031948	0.024588	0.000000	0.000000
178	-0.031886	0.024541	0.000000	0.000000
179	-0.031824	0.024493	0.000000	0.000000
180	-0.031763	0.024446	0.000000	0.000000
181	-0.031696	0.024398	0.000000	0.000000
182	-0.031629	0.024350	0.000000	0.000000
183	-0.031562	0.024301	0.000000	0.000000
184	-0.031495	0.024253	0.000000	0.000000
185	-0.031427	0.024205	0.000000	0.000000
186	-0.031360	0.024157	0.000000	0.000000
187	-0.031293	0.024109	0.000000	0.000000
188	-0.031226	0.024061	0.000000	0.000000
189	-0.031159	0.024013	0.000000	0.000000
190	-0.031092	0.023965	0.000000	0.000000
191	-0.031023	0.023914	0.000000	0.000000
192	-0.030954	0.023862	0.000000	0.000000
193	-0.030885	0.023811	0.000000	0.000000
194	-0.030817	0.023759	0.000000	0.000000
195	-0.030748	0.023708	0.000000	0.000000
196	-0.030679	0.023657	0.000000	0.000000
197	-0.030611	0.023605	0.000000	0.000000
198	-0.030542	0.023554	0.000000	0.000000
199	-0.030473	0.023502	0.000000	0.000000
200	-0.030405	0.023451	0.000000	0.000000
201	-0.030333	0.023397	0.000000	0.000000
202	-0.030262	0.023342	0.000000	0.000000
203	-0.030190	0.023288	0.000000	0.000000
204	-0.030119	0.023234	0.000000	0.000000
205	-0.030047	0.023179	0.000000	0.000000
206	-0.029976	0.023125	0.000000	0.000000
207	-0.029904	0.023070	0.000000	0.000000
208	-0.029833	0.023016	0.000000	0.000000
209	-0.029761	0.022961	0.000000	0.000000
210	-0.029690	0.022907	0.000000	0.000000
211	-0.029615	0.022851	0.000000	0.000000
212	-0.029541	0.022795	0.000000	0.000000
213	-0.029466	0.022739	0.000000	0.000000
214	-0.029391	0.022683	0.000000	0.000000
215	-0.029317	0.022627	0.000000	0.000000
216	-0.029242	0.022571	0.000000	0.000000
217	-0.029167	0.022515	0.000000	0.000000
218	-0.029093	0.022458	0.000000	0.000000
219	-0.029018	0.022402	0.000000	0.000000
220	-0.028943	0.022346	0.000000	0.000000
221	-0.028867	0.022287	0.000000	0.000000
222	-0.028792	0.022227	0.000000	0.000000
223	-0.028716	0.022167	0.000000	0.000000
224	-0.028640	0.022108	0.000000	0.000000
225	-0.028564	0.022048	0.000000	0.000000
226	-0.028488	0.021988	0.000000	0.000000
227	-0.028412	0.021928	0.000000	0.000000
228	-0.028336	0.021869	0.000000	0.000000
229	-0.028260	0.021809	0.000000	0.000000
230	-0.028184	0.021749	0.000000	0.000000
231	-0.028104	0.021688	0.000000	0.000000
232	-0.028024	0.021628	0.000000	0.000000
233	-0.027944	0.021567	0.000000	0.000000
234	-0.027863	0.021507	0.000000	0.000000
235	-0.027783	0.021446	0.000000	0.000000
236	-0.027702	0.021385	0.000000	0.000000
237	-0.027622	0.021325	0.000000	0.000000
238	-0.027541	0.021264	0.000000	0.000000
239	-0.027461	0.021203	0.000000	0.000000
240	-0.027381	0.021143	0.000000	0.000000
241	-0.027297	0.021081	0.000000	0.000000
242	-0.027214	0.021018	0.000000	0.000000
243	-0.027131	0.020956	0.000000	0.000000
244	-0.027047	0.020893	0.000000	0.000000
245	-0.026964	0.020831	0.000000	0.000000
246	-0.026881	0.020769	0.000000	0.000000
247	-0.026797	0.020706	0.000000	0.000000
248	-0.026714	0.020644	0.000000	0.000000
249	-0.026631	0.020581	0.000000	0.000000
250	-0.026547	0.020519	0.000000	0.000000
251	-0.026461	0.020455	0.000000	0.000000
252	-0.026374	0.020391	0.000000	0.000000
253	-0.026288	0.020327	0.000000	0.000000
254	-0.026201	0.020263	0.000000	0.000000
255	-0.026115	0.020199	0.000000	0.000000
256	-0.026028	0.020134	0.000000	0.000000
257	-0.025942	0.020070	0.000000	0.000000
258	-0.025855	0.020006	0.000000	0.000000
259	-0.025769	0.019942	0.000000	0.000000
260	-0.025682	0.019878	0.000000	0.000000
261	-0.025596	0.019810	0.000000	0.000000
262	-0.025511	0.019741	0.000000	0.000000
263	-0.025425	0.019673	0.000000	0.000000
264	-0.025339	0.019604	0.000000	0.000000
265	-0.025254	0.019535	0.000000	0.000000
266	-0.025168	0.019466	0.000000	0.000000
267	-0.025083	0.019398	0.000000	0.000000
268	-0.024997	0.019329	0.000000	0.000000
269	-0.024912	0.019260	0.000000	0.000000
270	-0.024826	0.019192	0.000000	0.000000
271	-0.024734	0.019125	0.000000	0.000000
272	-0.024641	0.019057	0.000000	0.000000
273	-0.024549	0.018990	0.000000	0.000000
274	-0.024456	0.018923	0.000000	0.000000
275	-0.024364	0.018856	0.000000	0.000000
276	-0.024271	0.018789	0.000000	0.000000
277	-0.024179	0.018722	0.000000	0.000000
278	-0.024086	0.018655	0.000000	0.000000
279	-0.023993	0.018588	0.000000	0.000000
280	-0.023901	0.018520	0.000000	0.000000
281	-0.023808	0.018450	0.000000	0.000000
282	-0.023715	0.018380	0.000000	0.000000
283	-0.023621	0.018310	0.000000	0.000000
284	-0.023528	0.018239	0.000000	0.000000
285	-0.023435	0.018169	0.000000	0.000000
286	-0.023342	0.018099	0.000000	0.000000
287	-0.023249	0.018028	0.000000	0.000000
288	-0.023156	0.017958	0.000000	0.000000
289	-0.023063	0.017887	0.000000	0.000000
290	-0.022969	0.017817	0.000000	0.000000
291	-0.022876	0.017744	0.000000	0.000000
292	-0.022782	0.017670	0.000000	0.000000
293	-0.022689	0.017597	0.000000	0.000000
294	-0.022595	0.017524	0.000000	0.000000
295	-0.022502	0.017450	0.000000	0.000000
296	-0.022408	0.017377	0.000000	0.000000
297	-0.022315	0.017303	0.000000	0.000000
298	-0.022221	0.017230	0.000000	0.000000
299	-0.022128	0.017156	0.000000	0.000000
300	-0.022034	0.017083	0.000000	0.000000
301	-0.021937	0.017009	0.000000	0.000000
302	-0.021838	0.016935	0.000000	0.000000
303	-0.021740	0.016862	0.000000	0.000000
304	-0.021642	0.016788	0.000000	0.000000
305	-0.021544	0.016714	0.000000	0.000000
306	-0.021446	0.016641	0.000000	0.000000
307	-0.021348	0.016567	0.000000	0.000000
308	-0.021250	0.016493	0.000000	0.000000
309	-0.021152	0.016420	0.000000	0.000000
310	-0.021054	0.016346	0.000000	0.000000
311	-0.020957	0.016269	0.000000	0.000000
312	-0.020860	0.016192	0.000000	0.000000
313	-0.020763	0.016115	0.000000	0.000000
314	-0.020666	0.016037	0.000000	0.000000
315	-0.020569	0.015960	0.000000	0.000000
316	-0.020471	0.015883	0.000000	0.000000
317	-0.020374	0.015805	0.000000	0.000000
318	-0.020277	0.015728	0.000000	0.000000
319	-0.020180	0.015651	0.000000	0.000000
320	-0.020083	0.015574	0.000000	0.000000
321	-0.019982	0.015497	0.000000	0.000000
322	-0.019880	0.015420	0.000000	0.000000
323	-0.019778	0.015342	0.000000	0.000000
324	-0.019677	0.015265	0.000000	0.000000
325	-0.019575	0.015188	0.000000	0.000000
326	-0.019474	0.015111	0.000000	0.000000
327	-0.019372	0.015034	0.000000	0.000000
328	-0.019271	0.014957	0.000000	0.000000
329	-0.019169	0.014880	0.000000	0.000000
330	-0.019068	0.014803	0.000000	0.000000
331	-0.018965	0.014724	0.000000	0.000000
332	-0.018862	0.014645	0.000000	0.000000
333	-0.018760	0.014566	0.000000	0.000000
334	-0.018657	0.014487	0.000000	0.000000
335	-0.018555	0.014407	0.000000	0.000000
336	-0.018452	0.014328	0.000000	0.000000
337	-0.018350	0.014249	0.000000	0.000000
338	-0.018247	0.014170	0.000000	0.000000
339	-0.018145	0.014091	0.000000	0.000000
340	-0.018042	0.014011	0.000000	0.000000
341	-0.017938	0.013931	0.000000	0.000000
342	-0.017834	0.013850	0.000000	0.000000
343	-0.017729	0.013770	0.000000	0.000000
344	-0.017625	0.013689	0.000000	0.000000
345	-0.017521	0.013609	0.000000	0.000000
346	-0.017416	0.013528	0.000000	0.000000
347	-0.017312	0.013448	0.000000	0.000000
348	-0.017208	0.013367	0.000000	0.000000
349	-0.017103	0.013287	0.000000	0.000000
350	-0.016999	0.013206	0.000000	0.000000
351	-0.016893	0.013125	0.000000	0.000000
352	-0.016786	0.013043	0.000000	0.000000
353	-0.016680	0.012962	0.000000	0.000000
354	-0.016573	0.012881	0.000000	0.000000
355	-0.016467	0.012799	0.000000	0.000000
356	-0.016360	0.012718	0.000000	0.000000
357	-0.016254	0.012636	0.000000	0.000000
358	-0.016147	0.012555	0.000000	0.000000
359	-0.016041	0.012473	0.000000	0.000000
360	-0.015934	0.012392	0.000000	0.000000
361	-0.015829	0.012307	0.000000	0.000000
362	-0.015723	0.012222	0.000000	0.000000
363	-0.015618	0.012138	0.000000	0.000000
364	-0.015512	0.012053	0.000000	0.000000
365	-0.015407	0.011968	0.000000	0.000000
366	-0.015301	0.011884	0.000000	0.000000
367	-0.015196	0.011799	0.000000	0.000000
368	-0.015090	0.011714	0.000000	0.000000
369	-0.014985	0.011630	0.000000	0.000000
370	-0.014879	0.011545	0.000000	0.000000
371	-0.014767	0.011463	0.000000	0.000000
372	-0.014656	0.011381	0.000000	0.000000
373	-0.014544	0.011299	0.000000	0.000000
374	-0.014432	0.011217	0.000000	0.000000
375	-0.014320	0.011135	0.000000	0.000000
376	-0.014208	0.011053	0.000000	0.000000
377	-0.014096	0.010971	0.000000	0.000000
378	-0.013984	0.010889	0.000000	0.000000
379	-0.013873	0.010807	0.000000	0.000000
380	-0.013761	0.010725	0.000000	0.000000
381	-0.013651	0.010640	0.000000	0.000000
382	-0.013541	0.010554	0.000000	0.000000
383	-0.013431	0.010468	0.000000	0.000000
384	-0.013321	0.010383	0.000000	0.000000
385	-0.013211	0.010297	0.000000	0.000000
386	-0.013101	0.010212	0.000000	0.000000
387	-0.012991	0.010126	0.000000	0.000000
388	-0.012881	0.010041	0.000000	0.000000
389	-0.012771	0.009955	0.000000	0.000000
390	-0.012661	0.009869	0.000000	0.000000
391	-0.012550	0.009782	0.000000	0.000000
392	-0.012440	0.009695	0.000000	0.000000
393	-0.012329	0.009608	0.000000	0.000000
394	-0.012218	0.009521	0.000000	0.000000
395	-0.012108	0.009434	0.000000	0.000000
396	-0.011997	0.009347	0.000000	0.000000
397	-0.011886	0.009259	0.000000	0.000000
398	-0.011776	0.009172	0.000000	0.000000
399	-0.011665	0.009085	0.000000	0.000000
400	-0.011555	0.008998	0.000000	0.000000
401	-0.011442	0.008911	0.000000	0.000000
402	-0.011329	0.008824	0.000000	0.000000
403	-0.011216	0.008736	0.000000	0.000000
404	-0.011103	0.008649	0.000000	0.000000
405	-0.010990	0.008562	0.000000	0.000000
406	-0.010877	0.008475	0.000000	0.000000
407	-0.010764	0.008388	0.000000	0.000000
408	-0.010652	0.008301	0.000000	0.000000
409	-0.010539	0.008213	0.000000	0.000000
410	-0.010426	0.008126	0.000000	0.000000
411	-0.010312	0.008038	0.000000	0.000000
412	-0.010198	0.007951	0.000000	0.000000
413	-0.010084	0.007863	0.000000	0.000000
414	-0.009970	0.007775	0.000000	0.000000
415	-0.009857	0.007687	0.000000	0.000000
416	-0.009743	0.007599	0.000000	0.000000
417	-0.009629	0.007511	0.000000	0.000000
418	-0.009515	0.007423	0.000000	0.000000
419	-0.009401	0.007335	0.000000	0.000000
420	-0.009287	0.007247	0.000000	0.000000
421	-0.009174	0.007158	0.000000	0.000000
422	-0.009060	0.007068	0.000000	0.000000
423	-0.008947	0.006979	0.000000	0.000000
424	-0.008833	0.006890	0.000000	0.000000
425	-0.008720	0.006800	0.000000	0.000000
426	-0.008606	0.006711	0.000000	0.000000
427	-0.008493	0.006621	0.000000	0.000000
428	-0.008380	0.006532	0.000000	0.000000
429	-0.008266	0.006442	0.000000	0.000000
430	-0.008153	0.006353	0.000000	0.000000
431	-0.008038	0.006263	0.000000	0.000000
432	-0.007924	0.006172	0.000000	0.000000
433	-0.007809	0.006082	0.000000	0.000000
434	-0.007695	0.005992	0.000000	0.000000
435	-0.007580	0.005902	0.000000	0.000000
436	-0.007466	0.005812	0.000000	0.000000
437	-0.007351	0.005721	0.000000	0.000000
438	-0.007237	0.005631	0.000000	0.000000
439	-0.007122	0.005541	0.000000	0.000000
440	-0.007008	0.005451	0.000000	0.000000
441	-0.006891	0.005362	0.000000	0.000000
442	-0.006774	0.005272	0.000000	0.000000
443	-0.006658	0.005183	0.000000	0.000000
444	-0.006541	0.005094	0.000000	0.000000
445	-0.006424	0.005005	0.000000	0.000000
446	-0.006307	0.004915	0.000000	0.000000
447	-0.006190	0.004826	0.000000	0.000000
448	-0.006073	0.004737	0.000000	0.000000
449	-0.005957	0.004648	0.000000	0.000000
450	-0.005840	0.004559	0.000000	0.000000
451	-0.005723	0.004468	0.000000	0.000000
452	-0.005607	0.004378	0.000000	0.000000
453	-0.005490	0.004288	0.000000	0.000000
454	-0.005373	0.004198	0.000000	0.000000
455	-0.005257	0.004107	0.000000	0.000000
456	-0.005140	0.004017	0.000000	0.000000
457	-0.005023	0.003927	0.000000	0.000000
458	-0.004907	0.003837	0.000000	0.000000
459	-0.004790	0.003746	0.000000	0.000000
460	-0.004674	0.003656	0.000000	0.000000
461	-0.004557	0.003565	0.000000	0.000000
462	-0.004441	0.003473	0.000000	0.000000
463	-0.004325	0.003382	0.000000	0.000000
464	-0.004209	0.003291	0.000000	0.000000
465	-0.004093	0.003199	0.000000	0.000000
466	-0.003976	0.003108	0.000000	0.000000
467	-0.003860	0.003017	0.000000	0.000000
468	-0.003744	0.002925	0.000000	0.000000
469	-0.003628	0.002834	0.000000	0.000000
470	-0.003512	0.002743	0.000000	0.000000
471	-0.003395	0.002651	0.000000	0.000000
472	-0.003278	0.002560	0.000000	0.000000
473	-0.003160	0.002468	0.000000	0.000000
474	-0.003043	0.002377	0.000000	0.000000
475	-0.002926	0.002285	0.000000	0.000000
476	-0.002809	0.002194	0.000000	0.000000
477	-0.002692	0.002102	0.000000	0.000000
478	-0.002575	0.002011	0.000000	0.000000
479	-0.002458	0.001920	0.000000	0.000000
480	-0.002341	0.001828	0.000000	0.000000
481	-0.002225	0.001736	0.000000	0.000000
482	-0.002109	0.001643	0.000000	0.000000
483	-0.001993	0.001551	0.000000	0.000000
484	-0.001877	0.001458	0.000000	0.000000
485	-0.001761	0.001366	0.000000	0.000000
486	-0.001645	0.001274	0.000000	0.000000
487	-0.001529	0.001181	0.000000	0.000000
488	-0.001413	0.001089	0.000000	0.000000
489	-0.001297	0.000996	0.000000	0.000000
490	-0.001181	0.000904	0.000000	0.000000
491	-0.001063	0.000813	0.000000	0.000000
492	-0.000944	0.000723	0.000000	0.000000
493	-0.000825	0.000632	0.000000	0.000000
494	-0.000707	0.000542	0.000000	0.000000
495	-0.000588	0.000451	0.000000	0.000000
496	-0.000469	0.000360	0.000000	0.000000
497	-0.000351	0.000270	0.000000	0.000000
498	-0.000232	0.000179	0.000000	0.000000
499	-0.000114	0.000089	0.000000	0.000000
500	-0.000000	-0.000000	0.000000	0.000000
501	-0.000000	-0.000000	0.000000	0.000000
502	-0.000000	-0.000000	0.000000	0.000000
503	-0.000000	-0.000000	0.000000	0.000000
504	-0.000000	-0.000000	0.000000	0.000000
505	-0.000000	-0.000000	0.000000	0.000000
506	-0.000000	-0.000000	0.000000	0.000000
507	-0.000000	-0.000000	0.000000	0.000000
508	-0.000000	-0.000000	0.000000	0.000000
509	-0.000000	-0.000000	0.000000	0.000000
510	-0.000000	-0.000000	0.000000	0.000000
511	-0.000000	-0.000000	0.000000	0.000000
512	-0.000000	-0.000000	0.000000	0.000000
513	-0.000000	-0.000000	0.000000	0.000000
514	-0.000000	-0.000000	0.000000	0.000000
515	-0.000000	-0.000000	0.000000	0.000000
516	-0.000000	-0.000000	0.000000	0.000000
517	-0.000000	-0.000000	0.000000	0.000000
518	-0.000000	-0.000000	0.000000	0.000000
519	-0.000000	-0.000000	0.000000	0.000000
520	-0.000000	-0.000000	0.000000	0.000000
521	-0.000000	-0.000000	0.000000	0.000000
522	-0.000000	-0.000000	0.000000	0.000000
523	-0.000000	-0.000000	0.000000	0.000000
524	-0.000000	-0.000000	0.000000	0.000000
525	-0.000000	-0.000000	0.000000	0.000000
526	-0.000000	-0.000000	0.000000	0.000000
527	-0.000000	-0.000000	0.000000	0.000000
528	-0.000000	-0.000000	0.000000	0.000000
529	-0.000000	-0.000000	0.000000	0.000000
530	-0.000000	-0.000000	0.000000	0.000000
531	-0.000000	-0.000000	0.000000	0.000000
532	-0.000000	-0.000000	0.000000	0.000000
533	-0.000000	-0.000000	0.000000	0.000000
534	-0.000000	-0.000000	0.000000	0.000000
535	-0.000000	-0.000000	0.000000	0.000000
536	-0.000000	-0.000000	0.000000	0.000000
537	-0.000000	-0.000000	0.000000	0.000000
538	-0.000000	-0.000000	0.000000	0.000000
539	-0.000000	-0.000000	0.000000	0.000000
540	-0.000000	-0.000000	0.000000	0.000000
541	-0.000000	-0.000000	0.000000	0.000000
542	-0.000000	-0.000000	0.000000	0.000000
543	-0.000000	-0.000000	0.000000	0.000000
544	-0.000000	-0.000000	0.000000	0.000000
545	-0.000000	-0.000000	0.000000	0.000000
546	-0.000000	-0.000000	0.000000	0.000000
547	-0.000000	-0.000000	0.000000	0.000000
548	-0.000000	-0.000000	0.000000	0.000000
549	-0.000000	-0.000000	0.000000	0.000000
550	-0.000000	-0.000000	0.000000	0.000000
551	-0.000000	-0.000000	0.000000	0.000000
552	-0.000000	-0.000000	0.000000	0.000000
553	-0.000000	-0.000000	0.000000	0.000000
554	-0.000000	-0.000000	0.000000	0.000000
555	-0.000000	-0.000000	0.000000	0.000000
556	-0.000000	-0.000000	0.000000	0.000000
557	-0.000000	-0.000000	0.000000	0.000000
558	-0.000000	-0.000000	0.000000	0.000000
559	-0.000000	-0.000000	0.000000	0.000000
560	-0.000000	-0.000000	0.000000	0.000000
561	-0.000000	-0.000000	0.000000	0.000000
562	-0.000000	-0.000000	0.000000	0.000000
563	-0.000000	-0.000000	0.000000	0.000000
564	-0.000000	-0.000000	0.000000	0.000000
565	-0.000000	-0.000000	0.000000	0.000000
566	-0.000000	-0.000000	0.000000	0.000000
567	-0.000000	-0.000000	0.000000	0.000000
568	-0.000000	-0.000000	0.000000	0.000000
569	-0.000000	-0.000000	0.000000	0.000000
570	-0.000000	-0.000000	0.000000	0.000000
571	-0.000000	-0.000000	0.000000	0.000000
572	-0.000000	-0.000000	0.000000	0.000000
573	-0.000000	-0.000000	0.000000	0.000000
574	-0.000000	-0.000000	0.000000	0.000000
575	-0.000000	-0.000000	0.000000	0.000000
576	-0.000000	-0.000000	0.000000	0.000000
577	-0.000000	-0.000000	0.000000	0.000000
578	-0.000000	-0.000000	0.000000	0.000000
579	-0.000000	-0.000000	0.000000	0.000000
580	-0.000000	-0.000000	0.000000	0.000000
581	-0.000000	-0.000000	0.000000	0.000000
582	-0.000000	-0.000000	0.000000	0.000000
583	-0.000000	-0.000000	0.000000	0.000000
584	-0.000000	-0.000000	0.000000	0.000000
585	-0.000000	-0.000000	0.000000	0.000000
586	-0.000000	-0.000000	0.000000	0.000000
587	-0.000000	-0.000000	0.000000	0.000000
588	-0.000000	-0.000000	0.000000	0.000000
589	-0.000000	-0.000000	0.000000	0.000000
590	-0.000000	-0.000000	0.000000	0.000000
591	-0.000000	-0.000000	0.000000	0.000000
592	-0.000000	-0.000000	0.000000	0.000000
593	-0.000000	-0.000000	0.000000	0.000000
594	-0.000000	-0.000000	0.000000	0.000000
595	-0.000000	-0.000000	0.000000	0.000000
596	-0.000000	-0.000000	0.000000	0.000000
597	-0.000000	-0.000000	0.000000	0.000000
598	-0.000000	-0.000000	0.000000	0.000000
599	-0.000000	-0.000000	0.000000	0.000000